# LATTICE: 64 x 64 x 64
# SPACING: 1.000000 x 1.000000 x 1.000000
# ENERGY DENSITY FUNCTIONAL: SLDA
# CREATING UNIFORM SOLUTION...
# DEBUG: solve_uniform_problem
# DEBUG: n_a=0.003815, n_b=0.003815
# DEBUG: eF_a=0.185457, eF_b=0.185457, eF_avg=0.185457
# DEBUG: N_a=1000.000000, N_b=1000.000000
# DEBUG: p=0.000000
# DEBUG: alph_a=1.000000, alph_b=1.000000, alph_plus=1.000000
# DEBUG: dalphm_dna=0.000000, dalphm_dnb=-0.000000
# DEBUG: dalphp_dna=0.000000, dalphp_dnb=-0.000000
# DEBUG: dtildeC_dna=-0.774172, dtildeC_dnb=-0.774172
# DEBUG: dD_dna=-0.080358, dD_dnb=-0.080358
# DEBUG: D=-0.000368, tC=-0.017719
# SPIN SYMMETRY MODE!
#
# Columns:
# 1: T/TF
# 2: Delta/eF
# 3: mu/eF
# 4: E/Effg
# 5: S/N
    0.000000     0.482830     0.416593     0.397923     0.000000
    0.005000     0.482830     0.416593     0.397923     0.000000
    0.010000     0.482830     0.416593     0.397923     0.000000
    0.015000     0.482830     0.416593     0.397923     0.000000
    0.020000     0.482830     0.416593     0.397923     0.000000
    0.025000     0.482830     0.416593     0.397923     0.000000
    0.030000     0.482830     0.416593     0.397923     0.000001
    0.035000     0.482830     0.416593     0.397923     0.000007
    0.040000     0.482830     0.416593     0.397924     0.000038
    0.045000     0.482825     0.416595     0.397931     0.000138
    0.050000     0.482824     0.416595     0.397943     0.000390
    0.055000     0.482787     0.416613     0.397995     0.000909
    0.060000     0.482736     0.416637     0.398083     0.001841
    0.065000     0.482647     0.416678     0.398236     0.003342
    0.070000     0.482508     0.416744     0.398484     0.005569
    0.075000     0.482300     0.416839     0.398853     0.008671
    0.080000     0.482008     0.416969     0.399374     0.012777
    0.085000     0.481615     0.417142     0.400079     0.017997
    0.090000     0.481107     0.417363     0.401000     0.024417
    0.095000     0.480467     0.417635     0.402165     0.032102
    0.100000     0.479682     0.417962     0.403603     0.041098
    0.105000     0.478739     0.418348     0.405340     0.051433
    0.110000     0.477625     0.418794     0.407401     0.063119
    0.115000     0.476329     0.419303     0.409808     0.076156
    0.120000     0.474840     0.419874     0.412581     0.090537
    0.125000     0.473148     0.420508     0.415741     0.106243
    0.130000     0.471244     0.421205     0.419303     0.123251
    0.135000     0.469118     0.421964     0.423284     0.141533
    0.140000     0.466763     0.422783     0.427698     0.161057
    0.145000     0.464169     0.423662     0.432557     0.181791
    0.150000     0.461328     0.424600     0.437874     0.203700
    0.155000     0.458231     0.425593     0.443660     0.226747
    0.160000     0.454870     0.426640     0.449923     0.250896
    0.165000     0.451236     0.427739     0.456673     0.276112
    0.170000     0.447318     0.428889     0.463918     0.302360
    0.175000     0.443107     0.430086     0.471667     0.329604
    0.180000     0.438594     0.431328     0.479925     0.357812
    0.185000     0.433765     0.432613     0.488700     0.386951
    0.190000     0.428609     0.433938     0.497997     0.416989
    0.195000     0.423112     0.435303     0.507822     0.447897
    0.200000     0.417260     0.436703     0.518181     0.479645
    0.205000     0.411035     0.438136     0.529077     0.512206
    0.210000     0.404422     0.439602     0.540517     0.545550
    0.215000     0.397397     0.441097     0.552507     0.579658
    0.220000     0.389939     0.442619     0.565048     0.614503
    0.225000     0.382021     0.444166     0.578145     0.650062
    0.230000     0.373613     0.445737     0.591803     0.686312
    0.235000     0.364682     0.447329     0.606025     0.723235
    0.240000     0.355186     0.448940     0.620815     0.760808
    0.245000     0.345080     0.450568     0.636177     0.799015
    0.250000     0.334306     0.452212     0.652114     0.837836
    0.255000     0.322798     0.453869     0.668630     0.877256
    0.260000     0.310475     0.455539     0.685729     0.917258
    0.265000     0.297233     0.457220     0.703413     0.957826
    0.270000     0.282945     0.458909     0.721686     0.998947
    0.275000     0.267442     0.460605     0.740552     1.040605
    0.280000     0.250499     0.462308     0.760013     1.082789
    0.285000     0.231799     0.464015     0.780073     1.125486
    0.290000     0.210877     0.465725     0.800734     1.168683
    0.295000     0.186986     0.467437     0.822002     1.212369
    0.300000     0.158794     0.469149     0.843877     1.256534
    0.305000     0.123386     0.470861     0.866364     1.301166
    0.310000     0.070640     0.472570     0.889464     1.346256
    0.315000     0.000031     0.471682     0.905421     1.376951
    0.320000     0.000011     0.468359     0.914433     1.393981
    0.325000     0.000006     0.464975     0.923504     1.410858
    0.330000     0.000005     0.461532     0.932635     1.427587
    0.335000     0.000003     0.458028     0.941823     1.444167
    0.340000     0.000002     0.454463     0.951067     1.460600
    0.345000     0.000001     0.450838     0.960364     1.476887
    0.350000     0.000001     0.447153     0.969714     1.493031
    0.355000     0.000000     0.443408     0.979115     1.509034
    0.360000     0.000000     0.439604     0.988567     1.524897
    0.365000     0.000000     0.435740     0.998067     1.540623
    0.370000     0.000000     0.431818     1.007616     1.556212
    0.375000     0.000000     0.427836     1.017211     1.571667
    0.380000     0.000000     0.423795     1.026851     1.586990
    0.385000     0.000000     0.419696     1.036536     1.602182
    0.390000     0.000000     0.415539     1.046264     1.617245
    0.395000     0.000000     0.411323     1.056034     1.632180
    0.400000     0.000000     0.407050     1.065846     1.646990
    0.405000     0.000000     0.402719     1.075698     1.661677
    0.410000     0.000000     0.398331     1.085589     1.676241
    0.415000     0.000000     0.393885     1.095519     1.690684
    0.420000     0.000000     0.389383     1.105486     1.705008
    0.425000     0.000000     0.384824     1.115490     1.719215
    0.430000     0.000000     0.380209     1.125530     1.733306
    0.435000     0.000000     0.375537     1.135604     1.747283
    0.440000     0.000000     0.370810     1.145714     1.761148
    0.445000     0.000000     0.366027     1.155856     1.774900
    0.450000     0.000000     0.361188     1.166032     1.788543
    0.455000     0.000000     0.356295     1.176239     1.802079
    0.460000     0.000000     0.351346     1.186478     1.815507
    0.465000     0.000000     0.346343     1.196748     1.828829
    0.470000     0.000000     0.341286     1.207047     1.842048
    0.475000     0.000000     0.336174     1.217376     1.855165
    0.480000     0.000000     0.331009     1.227734     1.868180
    0.485000     0.000000     0.325790     1.238120     1.881095
    0.490000     0.000000     0.320518     1.248534     1.893912
    0.495000     0.000000     0.315193     1.258974     1.906631
    0.500000     0.000000     0.309815     1.269441     1.919255
    0.505000     0.000000     0.304385     1.279934     1.931784
    0.510000     0.000000     0.298902     1.290453     1.944220
    0.515000     0.000000     0.293367     1.300996     1.956563
    0.520000     0.000000     0.287781     1.311563     1.968815
    0.525000     0.000000     0.282143     1.322155     1.980978
    0.530000     0.000000     0.276454     1.332770     1.993052
    0.535000     0.000000     0.270714     1.343407     2.005038
    0.540000     0.000000     0.264923     1.354068     2.016938
    0.545000     0.000000     0.259082     1.364750     2.028753
    0.550000     0.000000     0.253190     1.375455     2.040484
    0.555000     0.000000     0.247249     1.386180     2.052131
    0.560000     0.000000     0.241258     1.396926     2.063697
    0.565000     0.000000     0.235217     1.407693     2.075182
    0.570000     0.000000     0.229127     1.418480     2.086586
    0.575000     0.000000     0.222989     1.429286     2.097912
    0.580000     0.000000     0.216802     1.440112     2.109160
    0.585000     0.000000     0.210566     1.450957     2.120330
    0.590000     0.000000     0.204282     1.461820     2.131425
    0.595000     0.000000     0.197950     1.472702     2.142445
    0.600000     0.000000     0.191570     1.483602     2.153390
    0.605000     0.000000     0.185143     1.494519     2.164262
    0.610000     0.000000     0.178668     1.505454     2.175062
    0.615000     0.000000     0.172147     1.516406     2.185790
    0.620000     0.000000     0.165579     1.527374     2.196448
    0.625000     0.000000     0.158964     1.538359     2.207036
    0.630000     0.000000     0.152303     1.549361     2.217555
    0.635000     0.000000     0.145596     1.560377     2.228006
    0.640000     0.000000     0.138843     1.571410     2.238390
    0.645000     0.000000     0.132044     1.582458     2.248707
    0.650000     0.000000     0.125201     1.593521     2.258959
    0.655000     0.000000     0.118311     1.604599     2.269145
    0.660000     0.000000     0.111377     1.615692     2.279268
    0.665000     0.000000     0.104399     1.626798     2.289327
    0.670000     0.000000     0.097375     1.637919     2.299323
    0.675000     0.000000     0.090308     1.649054     2.309258
