# LATTICE: 64 x 64 x 64
# SPACING: 1.000000 x 1.000000 x 1.000000
# ENERGY DENSITY FUNCTIONAL: SLDAE
# CREATING UNIFORM SOLUTION...
# DEBUG SLDAE: as = -10000.000000, kF = 0.609028, |askF| = 6090.276703
# DEBUG SLDAE: xi = 0.358416, zeta = 0.358380, eta = 0.459936
# DEBUG SLDAE: A = 1.000000, B = -0.481376, C = -10.529066
# DEBUG SLDAE: alpha = 1.000000, beta = -0.481401, gamma = -10.532398
# DEBUG: solve_uniform_problem_sldae
# DEBUG: n_a=0.003815, n_b=0.003815
# DEBUG: eF_a=0.185457, eF_b=0.185457, eF_avg=0.185457
# DEBUG: N_a=1000.000000, N_b=1000.000000
# DEBUG: p=0.000000
# DEBUG: alph_a=1.000000, alph_b=1.000000, alph_plus=1.000000
# DEBUG: dalphm_dna=0.000000, dalphm_dnb=0.000000
# DEBUG: dalphp_dna=0.000000, dalphp_dnb=0.000000
# DEBUG: dtildeC_dna=-0.816629, dtildeC_dnb=-0.816629
# DEBUG: dD_dna=-0.089279, dD_dnb=-0.089279
# DEBUG: D=-0.000409, tC=-0.018697
# SPIN SYMMETRY MODE!
#
# Columns:
# 1: T/TF
# 2: Delta/eF
# 3: mu/eF
# 4: E/Effg
# 5: S/N
    0.000000     0.471384     0.376362     0.358427     0.000000
    0.005000     0.471384     0.376362     0.358427     0.000000
    0.010000     0.471384     0.376362     0.358427     0.000000
    0.015000     0.471384     0.376362     0.358427     0.000000
    0.020000     0.471384     0.376362     0.358427     0.000000
    0.025000     0.471384     0.376362     0.358427     0.000000
    0.030000     0.471384     0.376362     0.358427     0.000001
    0.035000     0.471384     0.376362     0.358427     0.000009
    0.040000     0.471382     0.376362     0.358430     0.000049
    0.045000     0.471382     0.376362     0.358435     0.000173
    0.050000     0.471362     0.376371     0.358462     0.000477
    0.055000     0.471362     0.376371     0.358494     0.001090
    0.060000     0.471269     0.376414     0.358615     0.002171
    0.065000     0.471166     0.376460     0.358791     0.003886
    0.070000     0.471004     0.376534     0.359071     0.006398
    0.075000     0.470766     0.376638     0.359482     0.009860
    0.080000     0.470434     0.376782     0.360059     0.014401
    0.085000     0.469992     0.376969     0.360834     0.020128
    0.090000     0.469424     0.377207     0.361838     0.027123
    0.095000     0.468713     0.377498     0.363101     0.035447
    0.100000     0.467846     0.377846     0.364651     0.045140
    0.105000     0.466808     0.378255     0.366515     0.056223
    0.110000     0.465587     0.378725     0.368718     0.068705
    0.115000     0.464172     0.379259     0.371281     0.082580
    0.120000     0.462552     0.379856     0.374226     0.097834
    0.125000     0.460716     0.380517     0.377570     0.114447
    0.130000     0.458655     0.381240     0.381331     0.132390
    0.135000     0.456360     0.382026     0.385524     0.151632
    0.140000     0.453820     0.382872     0.390163     0.172139
    0.145000     0.451027     0.383777     0.395261     0.193873
    0.150000     0.447973     0.384740     0.400828     0.216799
    0.155000     0.444647     0.385759     0.406876     0.240877
    0.160000     0.441040     0.386830     0.413415     0.266069
    0.165000     0.437142     0.387953     0.420452     0.292339
    0.170000     0.432944     0.389124     0.427996     0.319650
    0.175000     0.428432     0.390342     0.436054     0.347965
    0.180000     0.423597     0.391603     0.444634     0.377250
    0.185000     0.418423     0.392906     0.453741     0.407472
    0.190000     0.412898     0.394249     0.463381     0.438598
    0.195000     0.407005     0.395627     0.473559     0.470598
    0.200000     0.400728     0.397040     0.484282     0.503437
    0.205000     0.394046     0.398486     0.495554     0.537096
    0.210000     0.386938     0.399961     0.507380     0.571542
    0.215000     0.379377     0.401464     0.519764     0.606751
    0.220000     0.371338     0.402992     0.532710     0.642698
    0.225000     0.362786     0.404543     0.546223     0.679360
    0.230000     0.353684     0.406115     0.560305     0.716715
    0.235000     0.343987     0.407706     0.574962     0.754742
    0.240000     0.333645     0.409315     0.590197     0.793420
    0.245000     0.322593     0.410939     0.606013     0.832731
    0.250000     0.310757     0.412576     0.622414     0.872657
    0.255000     0.298041     0.414225     0.639403     0.913181
    0.260000     0.284329     0.415883     0.656984     0.954286
    0.265000     0.269468     0.417550     0.675160     0.995957
    0.270000     0.253254     0.419224     0.693935     1.038180
    0.275000     0.235410     0.420903     0.713311     1.080940
    0.280000     0.215530     0.422586     0.733292     1.124224
    0.285000     0.192986     0.424270     0.753881     1.168020
    0.290000     0.166700     0.425956     0.775081     1.212315
    0.295000     0.134497     0.427641     0.796895     1.257099
    0.300000     0.090251     0.429324     0.819326     1.302359
    0.305000     0.001358     0.430041     0.839504     1.342422
    0.310000     0.000013     0.426841     0.848393     1.359767
    0.315000     0.000007     0.423579     0.857343     1.376951
    0.320000     0.000005     0.420256     0.866354     1.393981
    0.325000     0.000003     0.416874     0.875427     1.410860
    0.330000     0.000002     0.413429     0.884558     1.427589
    0.335000     0.000001     0.409925     0.893745     1.444168
    0.340000     0.000001     0.406360     0.902988     1.460600
    0.345000     0.000000     0.402735     0.912286     1.476887
    0.350000     0.000000     0.399050     0.921635     1.493031
    0.355000     0.000000     0.395306     0.931037     1.509034
    0.360000     0.000000     0.391501     0.940489     1.524897
    0.365000     0.000000     0.387638     0.949989     1.540623
    0.370000     0.000000     0.383715     0.959538     1.556212
    0.375000     0.000000     0.379733     0.969133     1.571667
    0.380000     0.000000     0.375693     0.978773     1.586990
    0.385000     0.000000     0.371594     0.988458     1.602182
    0.390000     0.000000     0.367436     0.998186     1.617245
    0.395000     0.000000     0.363221     1.007956     1.632180
    0.400000     0.000000     0.358947     1.017768     1.646990
    0.405000     0.000000     0.354617     1.027620     1.661677
    0.410000     0.000000     0.350228     1.037511     1.676241
    0.415000     0.000000     0.345783     1.047441     1.690684
    0.420000     0.000000     0.341280     1.057408     1.705008
    0.425000     0.000000     0.336721     1.067412     1.719215
    0.430000     0.000000     0.332106     1.077452     1.733306
    0.435000     0.000000     0.327434     1.087526     1.747283
    0.440000     0.000000     0.322707     1.097636     1.761148
    0.445000     0.000000     0.317924     1.107778     1.774900
    0.450000     0.000000     0.313085     1.117954     1.788543
    0.455000     0.000000     0.308192     1.128161     1.802079
    0.460000     0.000000     0.303243     1.138400     1.815507
    0.465000     0.000000     0.298240     1.148670     1.828829
    0.470000     0.000000     0.293183     1.158969     1.842048
    0.475000     0.000000     0.288071     1.169298     1.855165
    0.480000     0.000000     0.282906     1.179656     1.868180
    0.485000     0.000000     0.277688     1.190042     1.881095
    0.490000     0.000000     0.272415     1.200456     1.893912
    0.495000     0.000000     0.267090     1.210896     1.906631
    0.500000     0.000000     0.261712     1.221363     1.919255
    0.505000     0.000000     0.256282     1.231856     1.931784
    0.510000     0.000000     0.250799     1.242374     1.944220
    0.515000     0.000000     0.245264     1.252917     1.956563
    0.520000     0.000000     0.239678     1.263485     1.968815
    0.525000     0.000000     0.234040     1.274077     1.980978
    0.530000     0.000000     0.228351     1.284691     1.993052
    0.535000     0.000000     0.222611     1.295329     2.005038
    0.540000     0.000000     0.216820     1.305990     2.016938
    0.545000     0.000000     0.210979     1.316672     2.028753
    0.550000     0.000000     0.205087     1.327376     2.040484
    0.555000     0.000000     0.199146     1.338102     2.052131
    0.560000     0.000000     0.193155     1.348848     2.063697
    0.565000     0.000000     0.187114     1.359615     2.075182
    0.570000     0.000000     0.181025     1.370402     2.086586
    0.575000     0.000000     0.174886     1.381208     2.097912
    0.580000     0.000000     0.168699     1.392034     2.109160
    0.585000     0.000000     0.162463     1.402879     2.120330
    0.590000     0.000000     0.156179     1.413742     2.131425
    0.595000     0.000000     0.149847     1.424624     2.142445
    0.600000     0.000000     0.143467     1.435524     2.153390
    0.605000     0.000000     0.137040     1.446441     2.164262
    0.610000     0.000000     0.130566     1.457376     2.175062
    0.615000     0.000000     0.124044     1.468328     2.185790
    0.620000     0.000000     0.117476     1.479296     2.196448
    0.625000     0.000000     0.110861     1.490281     2.207036
    0.630000     0.000000     0.104200     1.501282     2.217555
    0.635000     0.000000     0.097493     1.512299     2.228006
    0.640000     0.000000     0.090740     1.523332     2.238390
    0.645000     0.000000     0.083942     1.534380     2.248707
    0.650000     0.000000     0.077098     1.545443     2.258959
    0.655000     0.000000     0.070209     1.556521     2.269145
    0.660000     0.000000     0.063274     1.567613     2.279268
    0.665000     0.000000     0.056296     1.578720     2.289327
    0.670000     0.000000     0.049273     1.589841     2.299323
    0.675000     0.000000     0.042205     1.600976     2.309258
