# LATTICE: 64 x 64 x 64
# SPACING: 1.000000 x 1.000000 x 1.000000
# ENERGY DENSITY FUNCTIONAL: ASLDA
# CREATING UNIFORM SOLUTION...
# DEBUG: solve_uniform_problem
# DEBUG: n_a=0.003815, n_b=0.003815
# DEBUG: eF_a=0.185457, eF_b=0.185457, eF_avg=0.185457
# DEBUG: N_a=1000.000000, N_b=1000.000000
# DEBUG: p=0.000000
# DEBUG: alph_a=1.094000, alph_b=1.094000, alph_plus=1.094000
# DEBUG: dalphm_dna=20.447232, dalphm_dnb=-20.447232
# DEBUG: dalphp_dna=0.000000, dalphp_dnb=-0.000000
# DEBUG: dtildeC_dna=-0.846944, dtildeC_dnb=-0.846944
# DEBUG: dD_dna=-0.097791, dD_dnb=-0.097791
# DEBUG: D=-0.000448, tC=-0.019385
# SPIN SYMMETRY MODE!
#
# Columns:
# 1: T/TF
# 2: Delta/eF
# 3: mu/eF
# 4: E/Effg
# 5: S/N
    0.000000     0.507002     0.416926     0.397798     0.000000
    0.005000     0.507002     0.416926     0.397798     0.000000
    0.010000     0.507002     0.416926     0.397798     0.000000
    0.015000     0.507002     0.416926     0.397798     0.000000
    0.020000     0.507002     0.416926     0.397798     0.000000
    0.025000     0.507002     0.416926     0.397798     0.000000
    0.030000     0.507002     0.416926     0.397798     0.000000
    0.035000     0.507002     0.416926     0.397798     0.000003
    0.040000     0.507002     0.416926     0.397799     0.000020
    0.045000     0.506999     0.416927     0.397803     0.000079
    0.050000     0.506998     0.416927     0.397810     0.000236
    0.055000     0.506973     0.416939     0.397844     0.000576
    0.060000     0.506972     0.416938     0.397880     0.001208
    0.065000     0.506871     0.416985     0.398013     0.002262
    0.070000     0.506764     0.417032     0.398191     0.003868
    0.075000     0.506602     0.417103     0.398463     0.006158
    0.080000     0.506369     0.417203     0.398856     0.009251
    0.085000     0.506051     0.417338     0.399397     0.013253
    0.090000     0.505633     0.417513     0.400115     0.018252
    0.095000     0.505100     0.417732     0.401035     0.024317
    0.100000     0.504439     0.417999     0.402184     0.031502
    0.105000     0.503637     0.418318     0.403587     0.039845
    0.110000     0.502681     0.418691     0.405268     0.049370
    0.115000     0.501560     0.419119     0.407247     0.060087
    0.120000     0.500264     0.419605     0.409546     0.072000
    0.125000     0.498782     0.420150     0.412183     0.085102
    0.130000     0.497106     0.420753     0.415175     0.099381
    0.135000     0.495226     0.421414     0.418537     0.114817
    0.140000     0.493134     0.422133     0.422285     0.131390
    0.145000     0.490823     0.422910     0.426430     0.149074
    0.150000     0.488283     0.423742     0.430986     0.167843
    0.155000     0.485507     0.424629     0.435962     0.187666
    0.160000     0.482488     0.425569     0.441370     0.208515
    0.165000     0.479216     0.426561     0.447218     0.230360
    0.170000     0.475684     0.427603     0.453515     0.253171
    0.175000     0.471884     0.428692     0.460268     0.276916
    0.180000     0.467806     0.429828     0.467484     0.301569
    0.185000     0.463441     0.431007     0.475171     0.327098
    0.190000     0.458778     0.432229     0.483334     0.353476
    0.195000     0.453808     0.433490     0.491979     0.380676
    0.200000     0.448517     0.434789     0.501111     0.408671
    0.205000     0.442894     0.436123     0.510735     0.437436
    0.210000     0.436924     0.437491     0.520856     0.466946
    0.215000     0.430592     0.438891     0.531478     0.497178
    0.220000     0.423880     0.440320     0.542605     0.528110
    0.225000     0.416771     0.441777     0.554242     0.559716
    0.230000     0.409241     0.443259     0.566393     0.591981
    0.235000     0.401267     0.444766     0.579060     0.624884
    0.240000     0.392820     0.446294     0.592248     0.658404
    0.245000     0.383870     0.447842     0.605959     0.692525
    0.250000     0.374380     0.449409     0.620197     0.727228
    0.255000     0.364306     0.450993     0.634965     0.762498
    0.260000     0.353600     0.452591     0.650267     0.798318
    0.265000     0.342200     0.454203     0.666104     0.834675
    0.270000     0.330036     0.455826     0.682480     0.871553
    0.275000     0.317018     0.457460     0.699399     0.908939
    0.280000     0.303037     0.459103     0.716862     0.946821
    0.285000     0.287952     0.460753     0.734873     0.985186
    0.290000     0.271580     0.462408     0.753433     1.024021
    0.295000     0.253670     0.464069     0.772547     1.063317
    0.300000     0.233870     0.465733     0.792217     1.103062
    0.305000     0.211651     0.467399     0.812445     1.143246
    0.310000     0.186146     0.469065     0.833234     1.183860
    0.315000     0.155752     0.470731     0.854586     1.224893
    0.320000     0.116709     0.472396     0.876505     1.266337
    0.325000     0.052332     0.474058     0.898990     1.308180
    0.330000     0.000023     0.472132     0.911265     1.330706
    0.335000     0.000010     0.468975     0.920105     1.346658
    0.340000     0.000006     0.465762     0.929004     1.362479
    0.345000     0.000004     0.462494     0.937962     1.378172
    0.350000     0.000003     0.459169     0.946977     1.393736
    0.355000     0.000002     0.455789     0.956045     1.409171
    0.360000     0.000001     0.452354     0.965167     1.424481
    0.365000     0.000000     0.448863     0.974341     1.439667
    0.370000     0.000000     0.445317     0.983567     1.454729
    0.375000     0.000000     0.441716     0.992842     1.469670
    0.380000     0.000000     0.438061     1.002167     1.484490
    0.385000     0.000000     0.434350     1.011539     1.499192
    0.390000     0.000000     0.430585     1.020958     1.513776
    0.395000     0.000000     0.426766     1.030422     1.528244
    0.400000     0.000000     0.422892     1.039931     1.542597
    0.405000     0.000000     0.418965     1.049483     1.556836
    0.410000     0.000000     0.414983     1.059078     1.570964
    0.415000     0.000000     0.410948     1.068714     1.584981
    0.420000     0.000000     0.406859     1.078392     1.598888
    0.425000     0.000000     0.402717     1.088108     1.612687
    0.430000     0.000000     0.398521     1.097864     1.626380
    0.435000     0.000000     0.394273     1.107658     1.639967
    0.440000     0.000000     0.389972     1.117489     1.653449
    0.445000     0.000000     0.385618     1.127357     1.666829
    0.450000     0.000000     0.381212     1.137260     1.680108
    0.455000     0.000000     0.376754     1.147198     1.693285
    0.460000     0.000000     0.372244     1.157171     1.706364
    0.465000     0.000000     0.367682     1.167176     1.719345
    0.470000     0.000000     0.363068     1.177215     1.732229
    0.475000     0.000000     0.358403     1.187286     1.745017
    0.480000     0.000000     0.353688     1.197388     1.757711
    0.485000     0.000000     0.348920     1.207521     1.770312
    0.490000     0.000000     0.344103     1.217684     1.782820
    0.495000     0.000000     0.339235     1.227877     1.795238
    0.500000     0.000000     0.334316     1.238099     1.807566
    0.505000     0.000000     0.329348     1.248349     1.819805
    0.510000     0.000000     0.324330     1.258627     1.831956
    0.515000     0.000000     0.319262     1.268932     1.844021
    0.520000     0.000000     0.314145     1.279264     1.856000
    0.525000     0.000000     0.308979     1.289622     1.867895
    0.530000     0.000000     0.303763     1.300007     1.879707
    0.535000     0.000000     0.298499     1.310416     1.891436
    0.540000     0.000000     0.293187     1.320850     1.903083
    0.545000     0.000000     0.287826     1.331309     1.914651
    0.550000     0.000000     0.282416     1.341791     1.926138
    0.555000     0.000000     0.276960     1.352297     1.937547
    0.560000     0.000000     0.271455     1.362826     1.948879
    0.565000     0.000000     0.265903     1.373377     1.960134
    0.570000     0.000000     0.260304     1.383951     1.971313
    0.575000     0.000000     0.254658     1.394546     1.982417
    0.580000     0.000000     0.248965     1.405163     1.993448
    0.585000     0.000000     0.243225     1.415800     2.004405
    0.590000     0.000000     0.237439     1.426459     2.015290
    0.595000     0.000000     0.231607     1.437137     2.026104
    0.600000     0.000000     0.225729     1.447835     2.036847
    0.605000     0.000000     0.219805     1.458553     2.047521
    0.610000     0.000000     0.213836     1.469291     2.058125
    0.615000     0.000000     0.207822     1.480047     2.068662
    0.620000     0.000000     0.201762     1.490821     2.079131
    0.625000     0.000000     0.195657     1.501614     2.089534
    0.630000     0.000000     0.189508     1.512425     2.099871
    0.635000     0.000000     0.183314     1.523253     2.110143
    0.640000     0.000000     0.177076     1.534099     2.120351
    0.645000     0.000000     0.170794     1.544961     2.130495
    0.650000     0.000000     0.164469     1.555841     2.140576
    0.655000     0.000000     0.158099     1.566737     2.150596
    0.660000     0.000000     0.151686     1.577649     2.160553
    0.665000     0.000000     0.145230     1.588577     2.170451
    0.670000     0.000000     0.138730     1.599521     2.180288
    0.675000     0.000000     0.132188     1.610480     2.190066
