# LATTICE: 64 x 64 x 64
# SPACING: 1.000000 x 1.000000 x 1.000000
# ENERGY DENSITY FUNCTIONAL: BDG
# CREATING UNIFORM SOLUTION...
# DEBUG: solve_uniform_problem_bdg
# DEBUG: n_a=0.003815, n_b=0.003815
# DEBUG: eF_a=0.185457, eF_b=0.185457, eF_avg=0.185457
# DEBUG: N_a=1000.000000, N_b=1000.000000
# DEBUG: p=0.000000
# DEBUG: akF=-6090.276703
# DEBUG: tau_a=0.000849, tau_b=0.000849
# DEBUG: delta=0.038946, nu=0.000000
# SPIN SYMMETRY MODE!
#
# Columns:
# 1: T/TF
# 2: Delta/eF
# 3: mu/eF
# 4: E/Effg
# 5: S/N
    0.000000     0.720139     0.621446     0.590191     0.000000
    0.005000     0.720139     0.621446     0.590191     0.000000
    0.010000     0.720139     0.621446     0.590191     0.000000
    0.015000     0.720139     0.621446     0.590191     0.000000
    0.020000     0.720139     0.621446     0.590191     0.000000
    0.025000     0.720139     0.621446     0.590191     0.000000
    0.030000     0.720139     0.621446     0.590191     0.000000
    0.035000     0.720139     0.621446     0.590191     0.000000
    0.040000     0.720139     0.621446     0.590191     0.000000
    0.045000     0.720139     0.621446     0.590191     0.000001
    0.050000     0.720139     0.621446     0.590191     0.000005
    0.055000     0.720139     0.621446     0.590192     0.000018
    0.060000     0.720137     0.621447     0.590195     0.000052
    0.065000     0.720137     0.621447     0.590200     0.000126
    0.070000     0.720129     0.621454     0.590219     0.000270
    0.075000     0.720128     0.621454     0.590236     0.000523
    0.080000     0.720100     0.621478     0.590299     0.000932
    0.085000     0.720070     0.621502     0.590381     0.001549
    0.090000     0.720025     0.621537     0.590506     0.002433
    0.095000     0.719960     0.621587     0.590686     0.003643
    0.100000     0.719871     0.621656     0.590937     0.005235
    0.105000     0.719750     0.621746     0.591273     0.007268
    0.110000     0.719593     0.621863     0.591710     0.009791
    0.115000     0.719393     0.622008     0.592266     0.012854
    0.120000     0.719145     0.622185     0.592958     0.016497
    0.125000     0.718843     0.622398     0.593801     0.020756
    0.130000     0.718480     0.622649     0.594812     0.025662
    0.135000     0.718052     0.622941     0.596007     0.031238
    0.140000     0.717552     0.623276     0.597401     0.037506
    0.145000     0.716975     0.623656     0.599010     0.044480
    0.150000     0.716317     0.624082     0.600847     0.052170
    0.155000     0.715571     0.624556     0.602925     0.060582
    0.160000     0.714735     0.625079     0.605259     0.069721
    0.165000     0.713802     0.625652     0.607859     0.079586
    0.170000     0.712769     0.626275     0.610738     0.090176
    0.175000     0.711632     0.626949     0.613906     0.101486
    0.180000     0.710387     0.627674     0.617374     0.113511
    0.185000     0.709031     0.628450     0.621150     0.126242
    0.190000     0.707558     0.629277     0.625245     0.139671
    0.195000     0.705967     0.630155     0.629667     0.153790
    0.200000     0.704254     0.631083     0.634425     0.168586
    0.205000     0.702416     0.632061     0.639525     0.184051
    0.210000     0.700448     0.633088     0.644977     0.200172
    0.215000     0.698349     0.634164     0.650785     0.216937
    0.220000     0.696115     0.635288     0.656958     0.234336
    0.225000     0.693743     0.636459     0.663501     0.252357
    0.230000     0.691230     0.637677     0.670422     0.270987
    0.235000     0.688572     0.638940     0.677725     0.290215
    0.240000     0.685767     0.640249     0.685417     0.310030
    0.245000     0.682812     0.641601     0.693502     0.330420
    0.250000     0.679703     0.642996     0.701987     0.351374
    0.255000     0.676437     0.644434     0.710875     0.372881
    0.260000     0.673010     0.645913     0.720173     0.394931
    0.265000     0.669419     0.647432     0.729884     0.417513
    0.270000     0.665661     0.648991     0.740014     0.440617
    0.275000     0.661731     0.650588     0.750567     0.464233
    0.280000     0.657626     0.652223     0.761547     0.488351
    0.285000     0.653341     0.653895     0.772958     0.512963
    0.290000     0.648873     0.655603     0.784805     0.538059
    0.295000     0.644216     0.657346     0.797092     0.563630
    0.300000     0.639366     0.659123     0.809822     0.589668
    0.305000     0.634318     0.660934     0.823001     0.616165
    0.310000     0.629066     0.662777     0.836631     0.643113
    0.315000     0.623605     0.664652     0.850716     0.670504
    0.320000     0.617928     0.666558     0.865261     0.698332
    0.325000     0.612029     0.668494     0.880268     0.726587
    0.330000     0.605901     0.670459     0.895742     0.755265
    0.335000     0.599537     0.672454     0.911687     0.784358
    0.340000     0.592927     0.674476     0.928105     0.813861
    0.345000     0.586065     0.676525     0.944999     0.843764
    0.350000     0.578939     0.678602     0.962376     0.874068
    0.355000     0.571540     0.680704     0.980236     0.904760
    0.360000     0.563857     0.682831     0.998585     0.935838
    0.365000     0.555877     0.684983     1.017424     0.967295
    0.370000     0.547588     0.687159     1.036757     0.999126
    0.375000     0.538974     0.689359     1.056589     1.031328
    0.380000     0.530019     0.691581     1.076922     1.063893
    0.385000     0.520705     0.693825     1.097759     1.096819
    0.390000     0.511013     0.696091     1.119105     1.130100
    0.395000     0.500919     0.698378     1.140961     1.163732
    0.400000     0.490400     0.700686     1.163332     1.197710
    0.405000     0.479426     0.703014     1.186221     1.232031
    0.410000     0.467965     0.705361     1.209630     1.266690
    0.415000     0.455980     0.707727     1.233564     1.301684
    0.420000     0.443428     0.710112     1.258025     1.337009
    0.425000     0.430260     0.712515     1.283017     1.372661
    0.430000     0.416416     0.714936     1.308543     1.408637
    0.435000     0.401826     0.717374     1.334606     1.444932
    0.440000     0.386406     0.719829     1.361208     1.481545
    0.445000     0.370051     0.722300     1.388355     1.518472
    0.450000     0.352631     0.724787     1.416047     1.555709
    0.455000     0.333978     0.727289     1.444290     1.593253
    0.460000     0.313874     0.729807     1.473085     1.631102
    0.465000     0.292017     0.732340     1.502436     1.669253
    0.470000     0.267974     0.734887     1.532351     1.707704
    0.475000     0.241112     0.737447     1.562813     1.746439
    0.480000     0.210328     0.740021     1.593847     1.785477
    0.485000     0.173547     0.742610     1.625454     1.824815
    0.490000     0.125622     0.745210     1.657635     1.864436
    0.495000     0.036740     0.747756     1.690192     1.904105
    0.500000     0.000022     0.743113     1.702736     1.919249
    0.505000     0.000004     0.737683     1.713228     1.931782
    0.510000     0.000000     0.732199     1.723748     1.944220
    0.515000     0.000000     0.726664     1.734292     1.956563
    0.520000     0.000000     0.721078     1.744859     1.968816
    0.525000     0.000000     0.715440     1.755451     1.980978
    0.530000     0.000000     0.709751     1.766066     1.993052
    0.535000     0.000000     0.704011     1.776703     2.005038
    0.540000     0.000000     0.698220     1.787364     2.016939
    0.545000     0.000000     0.692379     1.798046     2.028753
    0.550000     0.000000     0.686487     1.808751     2.040484
    0.555000     0.000000     0.680546     1.819476     2.052132
    0.560000     0.000000     0.674555     1.830222     2.063697
    0.565000     0.000000     0.668514     1.840989     2.075182
    0.570000     0.000000     0.662425     1.851776     2.086586
    0.575000     0.000000     0.656286     1.862582     2.097912
    0.580000     0.000000     0.650099     1.873408     2.109160
    0.585000     0.000000     0.643863     1.884253     2.120331
    0.590000     0.000000     0.637579     1.895116     2.131425

  
