# LATTICE: 64 x 64 x 64
# SPACING: 1.000000 x 1.000000 x 1.000000
# ENERGY DENSITY FUNCTIONAL: SLDAE
# CREATING UNIFORM SOLUTION...
# DEBUG SLDAE: as = -10000.000000, kF = 0.609028, |askF| = 6090.276703
# DEBUG SLDAE: xi = 0.358416, zeta = 0.358380, eta = 0.459936
# DEBUG SLDAE: A = 0.840290, B = -0.281686, C = -14.953502
# DEBUG SLDAE: alpha = 0.840290, beta = -0.281716, gamma = -14.958650
# DEBUG: solve_uniform_problem_sldae
# DEBUG: n_a=0.003815, n_b=0.003815
# DEBUG: eF_a=0.185457, eF_b=0.185457, eF_avg=0.185457
# DEBUG: N_a=1000.000000, N_b=1000.000000
# DEBUG: p=0.000000
# DEBUG: alph_a=0.840290, alph_b=0.840290, alph_plus=0.840290
# DEBUG: dalphm_dna=0.000000, dalphm_dnb=0.000000
# DEBUG: dalphp_dna=0.002053, dalphp_dnb=0.002053
# DEBUG: dtildeC_dna=-0.483184, dtildeC_dnb=-0.483184
# DEBUG: dD_dna=-0.052246, dD_dnb=-0.052246
# DEBUG: D=-0.000239, tC=-0.011062
# SPIN SYMMETRY MODE!
#
# Columns:
# 1: T/TF
# 2: Delta/eF
# 3: mu/eF
# 4: E/Effg
# 5: S/N
    0.000000     0.475227     0.377846     0.357996     0.000000
    0.005000     0.475227     0.377846     0.357996     0.000000
    0.010000     0.475227     0.377846     0.357996     0.000000
    0.015000     0.475227     0.377846     0.357996     0.000000
    0.020000     0.475227     0.377846     0.357996     0.000000
    0.025000     0.475227     0.377846     0.357996     0.000000
    0.030000     0.475227     0.377846     0.357996     0.000001
    0.035000     0.475227     0.377846     0.357996     0.000010
    0.040000     0.475225     0.377847     0.357998     0.000051
    0.045000     0.475225     0.377846     0.358004     0.000183
    0.050000     0.475208     0.377857     0.358032     0.000507
    0.055000     0.475207     0.377856     0.358066     0.001166
    0.060000     0.475129     0.377903     0.358199     0.002332
    0.065000     0.475040     0.377955     0.358388     0.004189
    0.070000     0.474898     0.378034     0.358689     0.006919
    0.075000     0.474690     0.378149     0.359134     0.010688
    0.080000     0.474399     0.378307     0.359760     0.015639
    0.085000     0.474010     0.378514     0.360601     0.021890
    0.090000     0.473507     0.378776     0.361691     0.029531
    0.095000     0.472877     0.379097     0.363065     0.038626
    0.100000     0.472106     0.379482     0.364751     0.049218
    0.105000     0.471182     0.379932     0.366779     0.061330
    0.110000     0.470092     0.380450     0.369174     0.074966
    0.115000     0.468827     0.381038     0.371962     0.090121
    0.120000     0.467376     0.381695     0.375163     0.106777
    0.125000     0.465730     0.382421     0.378798     0.124909
    0.130000     0.463880     0.383216     0.382885     0.144485
    0.135000     0.461817     0.384079     0.387440     0.165470
    0.140000     0.459533     0.385008     0.392479     0.187826
    0.145000     0.457020     0.386002     0.398014     0.211512
    0.150000     0.454270     0.387058     0.404059     0.236489
    0.155000     0.451274     0.388174     0.410624     0.262713
    0.160000     0.448025     0.389349     0.417721     0.290146
    0.165000     0.444513     0.390580     0.425359     0.318747
    0.170000     0.440731     0.391864     0.433547     0.348477
    0.175000     0.436668     0.393199     0.442293     0.379299
    0.180000     0.432314     0.394582     0.451606     0.411175
    0.185000     0.427659     0.396012     0.461492     0.444072
    0.190000     0.422691     0.397485     0.471960     0.477954
    0.195000     0.417397     0.399000     0.483014     0.512792
    0.200000     0.411764     0.400554     0.494663     0.548554
    0.205000     0.405775     0.402145     0.506912     0.585210
    0.210000     0.399415     0.403770     0.519766     0.622735
    0.215000     0.392662     0.405427     0.533233     0.661103
    0.220000     0.385499     0.407115     0.547314     0.700280
    0.225000     0.377897     0.408831     0.562020     0.740256
    0.230000     0.369831     0.410574     0.577353     0.781003
    0.235000     0.361268     0.412341     0.593320     0.822499
    0.240000     0.352172     0.414130     0.609924     0.864724
    0.245000     0.342499     0.415940     0.627170     0.907660
    0.250000     0.332198     0.417769     0.645065     0.951288
    0.255000     0.321210     0.419616     0.663612     0.995591
    0.260000     0.309459     0.421478     0.682816     1.040554
    0.265000     0.296855     0.423355     0.702683     1.086160
    0.270000     0.283283     0.425244     0.723216     1.132396
    0.275000     0.268597     0.427145     0.744421     1.179246
    0.280000     0.252602     0.429056     0.766301     1.226699
    0.285000     0.235030     0.430976     0.788862     1.274741
    0.290000     0.215496     0.432903     0.812109     1.323361
    0.295000     0.193404     0.434836     0.836044     1.372547
    0.300000     0.167749     0.436775     0.860675     1.422288
    0.305000     0.136534     0.438717     0.886003     1.472574
    0.310000     0.094398     0.440662     0.912035     1.523395
    0.315000     0.004624     0.441974     0.936913     1.571195
    0.320000     0.000013     0.437942     0.946594     1.589490
    0.325000     0.000007     0.433828     0.956290     1.607529
    0.330000     0.000005     0.429644     0.966037     1.625387
    0.335000     0.000003     0.425393     0.975834     1.643068
    0.340000     0.000002     0.421071     0.985680     1.660572
    0.345000     0.000001     0.416682     0.995572     1.677901
    0.350000     0.000001     0.412225     1.005510     1.695060
    0.355000     0.000000     0.407700     1.015492     1.712051
    0.360000     0.000000     0.403108     1.025517     1.728876
    0.365000     0.000000     0.398449     1.035584     1.745540
    0.370000     0.000000     0.393723     1.045692     1.762043
    0.375000     0.000000     0.388931     1.055840     1.778389
    0.380000     0.000000     0.384074     1.066027     1.794580
    0.385000     0.000000     0.379150     1.076252     1.810619
    0.390000     0.000000     0.374162     1.086513     1.826507
    0.395000     0.000000     0.369109     1.096810     1.842248
    0.400000     0.000000     0.363992     1.107142     1.857844
    0.405000     0.000000     0.358811     1.117509     1.873297
    0.410000     0.000000     0.353566     1.127908     1.888610
    0.415000     0.000000     0.348258     1.138340     1.903784
    0.420000     0.000000     0.342887     1.148804     1.918821
    0.425000     0.000000     0.337453     1.159298     1.933725
    0.430000     0.000000     0.331958     1.169823     1.948497
    0.435000     0.000000     0.326400     1.180377     1.963138
    0.440000     0.000000     0.320781     1.190959     1.977651
    0.445000     0.000000     0.315102     1.201570     1.992039
    0.450000     0.000000     0.309361     1.212208     2.006303
    0.455000     0.000000     0.303560     1.222873     2.020444
    0.460000     0.000000     0.297700     1.233564     2.034465
    0.465000     0.000000     0.291779     1.244281     2.048368
    0.470000     0.000000     0.285800     1.255022     2.062154
    0.475000     0.000000     0.279761     1.265788     2.075825
    0.480000     0.000000     0.273664     1.276578     2.089383
    0.485000     0.000000     0.267509     1.287391     2.102830
    0.490000     0.000000     0.261296     1.298227     2.116166
    0.495000     0.000000     0.255025     1.309085     2.129395
    0.500000     0.000000     0.248698     1.319965     2.142517
    0.505000     0.000000     0.242313     1.330867     2.155534
    0.510000     0.000000     0.235872     1.341790     2.168447
    0.515000     0.000000     0.229376     1.352732     2.181258
    0.520000     0.000000     0.222823     1.363696     2.193970
    0.525000     0.000000     0.216215     1.374678     2.206581
    0.530000     0.000000     0.209551     1.385680     2.219095
    0.535000     0.000000     0.202833     1.396701     2.231513
    0.540000     0.000000     0.196061     1.407740     2.243836
    0.545000     0.000000     0.189234     1.418798     2.256066
    0.550000     0.000000     0.182354     1.429873     2.268203
    0.555000     0.000000     0.175419     1.440965     2.280249
    0.560000     0.000000     0.168432     1.452075     2.292206
    0.565000     0.000000     0.161392     1.463201     2.304074
    0.570000     0.000000     0.154299     1.474344     2.315855
    0.575000     0.000000     0.147155     1.485502     2.327550
    0.580000     0.000000     0.139958     1.496677     2.339160
    0.585000     0.000000     0.132709     1.507867     2.350686
    0.590000     0.000000     0.125409     1.519072     2.362129
    0.595000     0.000000     0.118059     1.530292     2.373492
    0.600000     0.000000     0.110657     1.541527     2.384773
    0.605000     0.000000     0.103205     1.552776     2.395976
    0.610000     0.000000     0.095702     1.564039     2.407100
    0.615000     0.000000     0.088150     1.575316     2.418147
    0.620000     0.000000     0.080548     1.586606     2.429117
    0.625000     0.000000     0.072897     1.597910     2.440013
    0.630000     0.000000     0.065197     1.609227     2.450833
    0.635000     0.000000     0.057448     1.620556     2.461581
    0.640000     0.000000     0.049650     1.631899     2.472256
    0.645000     0.000000     0.041804     1.643254     2.482860
    0.650000     0.000000     0.033911     1.654620     2.493393
    0.655000     0.000000     0.025969     1.665999     2.503857
    0.660000     0.000000     0.017980     1.677390     2.514251
    0.665000     0.000000     0.009944     1.688792     2.524578
    0.670000     0.000000     0.001861     1.700206     2.534837
    0.675000     0.000000    -0.006268     1.711631     2.545030
