  0.00000000 0.00597602289501
  1.00000000  0.0111089965382
  2.00000000  0.0198410947444
  3.00000000  0.0340474547346
  4.00000000  0.0561347628341
  5.00000000  0.0889216174594
  6.00000000   0.135335283237
  7.00000000   0.197898699084
  8.00000000   0.278037300453
  9.00000000   0.375311098851
 10.00000000    0.48675225596
 11.00000000   0.606530659713
 12.00000000   0.726149037074
 13.00000000   0.835270211411
 14.00000000   0.923116346387
 15.00000000   0.980198673307
 16.00000000                1
 17.00000000   0.980198673307
 18.00000000   0.923116346387
 19.00000000   0.835270211411
 20.00000000   0.726149037074
 21.00000000   0.606530659713
 22.00000000    0.48675225596
 23.00000000   0.375311098851
 24.00000000   0.278037300453
 25.00000000   0.197898699084
 26.00000000   0.135335283237
 27.00000000  0.0889216174594
 28.00000000  0.0561347628341
 29.00000000  0.0340474547346
 30.00000000  0.0198410947444
 31.00000000  0.0111089965382


  0.00000000   0.005976022895
  0.10000000 0.00604089742686
  0.20000000 0.00623348992976
  0.30000000 0.00654784426187
  0.40000000 0.00697448038464
  0.50000000  0.0075010295839
  0.60000000 0.00811305650899
  0.70000000 0.00879500723769
  0.80000000 0.00953121385289
  0.90000000  0.0103068827749
  1.00000000  0.0111089965382
  1.10000000  0.0119270665756
  1.20000000  0.0127536871751
  1.30000000  0.0135848570294
  1.40000000  0.0144200533385
  1.50000000  0.0152620627221
  1.60000000  0.0161165916861
  1.70000000  0.0169916955826
  1.80000000  0.0178970776538
  1.90000000  0.0188433179137
  2.00000000  0.0198410947444
  2.10000000  0.0209004600534
  2.20000000  0.0220302219565
  2.30000000  0.0232374779395
  2.40000000  0.0245273273336
  2.50000000   0.025902775998
  2.60000000  0.0273648297128
  2.70000000  0.0289127573442
  2.80000000  0.0305444916106
  2.90000000  0.0322571252934
  3.00000000  0.0340474547346
  3.10000000  0.0359125208026
  3.20000000  0.0378501001785
  3.30000000  0.0398591064183
  3.40000000  0.0419398700673
  3.50000000  0.0440942791639
  3.60000000  0.0463257746375
  3.70000000    0.04863920818
  3.80000000  0.0510405820131
  3.90000000  0.0535366995835
  4.00000000  0.0561347628341
  4.10000000  0.0588419548501
  4.20000000  0.0616650462176
  4.30000000  0.0646100595431
  4.40000000  0.0676820197466
  4.50000000  0.0708848086891
  4.60000000  0.0742211323331
  4.70000000  0.0776925979508
  4.80000000  0.0812998888712
  4.90000000  0.0850430157903
  5.00000000  0.0889216174594
  5.10000000  0.0929352801178
  5.20000000  0.0970838445405
  5.30000000   0.101367671979
  5.40000000   0.105787845248
  5.50000000   0.110346288192
  5.60000000   0.115045795053
  5.70000000   0.119889969987
  5.80000000   0.124883085407
  5.90000000   0.130029875053
  6.00000000   0.135335283237
  6.10000000   0.140804194963
  6.20000000   0.146441172491
  6.30000000   0.152250222303
  6.40000000   0.158234612664
  6.50000000     0.1643967564
  6.60000000   0.170738166779
  6.70000000   0.177259487178
  6.80000000    0.18396058815
  6.90000000   0.190840719358
  7.00000000   0.197898699084
  7.10000000    0.20513312106
  7.20000000   0.212542557493
  7.30000000   0.220125738265
  7.40000000   0.227881689323
  7.50000000   0.235809817808
  7.60000000   0.243909937006
  7.70000000   0.252182230285
  7.80000000   0.260627159035
  7.90000000   0.269245324879
  8.00000000   0.278037300453
  8.10000000   0.287003445609
  8.20000000   0.296143726695
  8.30000000     0.3054575557
  8.40000000    0.31494366354
  8.50000000    0.32460001802
  8.60000000   0.334423792312
  8.70000000   0.344411384782
  8.80000000   0.354558486002
  8.90000000   0.364860184433
  9.00000000   0.375311098851
  9.10000000   0.385905523482
  9.20000000   0.396637571131
  9.30000000   0.407501300362
  9.40000000   0.418490814912
  9.50000000   0.429600326682
  9.60000000   0.440824177609
  9.70000000   0.452156819919
  9.80000000   0.463592758444
  9.90000000   0.475126462294
 10.00000000    0.48675225596
 10.10000000   0.498464201659
 10.20000000   0.510255985174
 10.30000000   0.522120816733
 10.40000000   0.534051356607
 10.50000000   0.546039672388
 10.60000000   0.558077231572
 10.70000000   0.570154929531
 10.80000000    0.58226314953
 10.90000000   0.594391848457
 11.00000000   0.606530659713
 11.10000000   0.618669003411
 11.20000000   0.630796193748
 11.30000000    0.64290153417
 11.40000000   0.654974392598
 11.50000000    0.66700425134
 11.60000000   0.678980729122
 11.70000000     0.6908935756
 11.80000000   0.702732641546
 11.90000000   0.714487830204
 12.00000000   0.726149037074
 12.10000000   0.737706086238
 12.20000000   0.749148671416
 12.30000000   0.760466309115
 12.40000000   0.771648309731
 12.50000000   0.782683770428
 12.60000000   0.793561591203
 12.70000000   0.804270513193
 12.80000000   0.814799176021
 12.90000000   0.825136189203
 13.00000000   0.835270211411
 13.10000000   0.845190030897
 13.20000000   0.854884640554
 13.30000000   0.864343301984
 13.40000000   0.873555594341
 13.50000000   0.882511445521
 13.60000000   0.891201145243
 13.70000000   0.899615341491
 13.80000000   0.907745023448
 13.90000000   0.915581495352
 14.00000000   0.923116346387
 14.10000000   0.930341421886
 14.20000000   0.937248800658
 14.30000000   0.943830782277
 14.40000000   0.950079886842
 14.50000000   0.955988868114
 14.60000000    0.96155073934
 14.70000000   0.966758809586
 14.80000000   0.971606727249
 14.90000000   0.976088526639
 15.00000000   0.980198673307
 15.10000000   0.983932104019
 15.20000000   0.987284258029
 15.30000000   0.990251097346
 15.40000000   0.992829115067
 15.50000000   0.995015332182
 15.60000000   0.996807284607
 15.70000000   0.998203003196
 15.80000000   0.999200990246
 15.90000000   0.999800196189
 16.00000000                1
 16.10000000   0.999800196189
 16.20000000   0.999200990246
 16.30000000   0.998203003196
 16.40000000   0.996807284607
 16.50000000   0.995015332182
 16.60000000   0.992829115067
 16.70000000   0.990251097346
 16.80000000   0.987284258029
 16.90000000   0.983932104019
 17.00000000   0.980198673307
 17.10000000   0.976088526639
 17.20000000   0.971606727249
 17.30000000   0.966758809586
 17.40000000    0.96155073934
 17.50000000   0.955988868115
 17.60000000   0.950079886842
 17.70000000   0.943830782277
 17.80000000   0.937248800658
 17.90000000   0.930341421886
 18.00000000   0.923116346387
 18.10000000   0.915581495352
 18.20000000   0.907745023448
 18.30000000   0.899615341491
 18.40000000   0.891201145243
 18.50000000   0.882511445521
 18.60000000   0.873555594341
 18.70000000   0.864343301984
 18.80000000   0.854884640554
 18.90000000   0.845190030897
 19.00000000   0.835270211411
 19.10000000   0.825136189203
 19.20000000   0.814799176021
 19.30000000   0.804270513193
 19.40000000   0.793561591203
 19.50000000   0.782683770428
 19.60000000   0.771648309731
 19.70000000   0.760466309115
 19.80000000   0.749148671416
 19.90000000   0.737706086238
 20.00000000   0.726149037074
 20.10000000   0.714487830204
 20.20000000   0.702732641546
 20.30000000     0.6908935756
 20.40000000   0.678980729122
 20.50000000    0.66700425134
 20.60000000   0.654974392598
 20.70000000    0.64290153417
 20.80000000   0.630796193748
 20.90000000   0.618669003411
 21.00000000   0.606530659713
 21.10000000   0.594391848457
 21.20000000    0.58226314953
 21.30000000   0.570154929531
 21.40000000   0.558077231572
 21.50000000   0.546039672388
 21.60000000   0.534051356607
 21.70000000   0.522120816733
 21.80000000   0.510255985174
 21.90000000   0.498464201659
 22.00000000    0.48675225596
 22.10000000   0.475126462294
 22.20000000   0.463592758444
 22.30000000   0.452156819919
 22.40000000   0.440824177609
 22.50000000   0.429600326682
 22.60000000   0.418490814912
 22.70000000   0.407501300362
 22.80000000   0.396637571131
 22.90000000   0.385905523482
 23.00000000   0.375311098851
 23.10000000   0.364860184433
 23.20000000   0.354558486002
 23.30000000   0.344411384782
 23.40000000   0.334423792312
 23.50000000    0.32460001802
 23.60000000    0.31494366354
 23.70000000     0.3054575557
 23.80000000   0.296143726695
 23.90000000   0.287003445609
 24.00000000   0.278037300453
 24.10000000   0.269245324879
 24.20000000   0.260627159035
 24.30000000   0.252182230285
 24.40000000   0.243909937006
 24.50000000   0.235809817808
 24.60000000   0.227881689323
 24.70000000   0.220125738265
 24.80000000   0.212542557493
 24.90000000    0.20513312106
 25.00000000   0.197898699084
 25.10000000   0.190840719358
 25.20000000    0.18396058815
 25.30000000   0.177259487178
 25.40000000   0.170738166779
 25.50000000     0.1643967564
 25.60000000   0.158234612664
 25.70000000   0.152250222303
 25.80000000   0.146441172491
 25.90000000   0.140804194963
 26.00000000   0.135335283237
 26.10000000   0.130029875053
 26.20000000   0.124883085407
 26.30000000   0.119889969987
 26.40000000   0.115045795053
 26.50000000   0.110346288192
 26.60000000   0.105787845248
 26.70000000   0.101367671979
 26.80000000  0.0970838445405
 26.90000000  0.0929352801178
 27.00000000  0.0889216174594
 27.10000000  0.0850430157903
 27.20000000  0.0812998888712
 27.30000000  0.0776925979508
 27.40000000  0.0742211323331
 27.50000000  0.0708848086891
 27.60000000  0.0676820197466
 27.70000000  0.0646100595431
 27.80000000  0.0616650462176
 27.90000000  0.0588419548501
 28.00000000  0.0561347628341
 28.10000000  0.0535366995835
 28.20000000  0.0510405820131
 28.30000000    0.04863920818
 28.40000000  0.0463257746375
 28.50000000  0.0440942791639
 28.60000000  0.0419398700673
 28.70000000  0.0398591064183
 28.80000000  0.0378501001785
 28.90000000  0.0359125208026
 29.00000000  0.0340474547346
 29.10000000  0.0322571252934
 29.20000000  0.0305444916106
 29.30000000  0.0289127573442
 29.40000000  0.0273648297128
 29.50000000   0.025902775998
 29.60000000  0.0245273273336
 29.70000000  0.0232374779395
 29.80000000  0.0220302219565
 29.90000000  0.0209004600534
 30.00000000  0.0198410947444
 30.10000000  0.0188433179137
 30.20000000  0.0178970776538
 30.30000000  0.0169916955826
 30.40000000  0.0161165916861
 30.50000000   0.015262062722
 30.60000000  0.0144200533385
 30.70000000  0.0135848570294
 30.80000000  0.0127536871751
 30.90000000  0.0119270665756
 31.00000000  0.0111089965382
 31.10000000  0.0103068827749
 31.20000000 0.00953121385289
 31.30000000 0.00879500723769
 31.40000000 0.00811305650899
 31.50000000  0.0075010295839
 31.60000000 0.00697448038464
 31.70000000 0.00654784426187
 31.80000000 0.00623348992976
 31.90000000 0.00604089742686
