3.142207143730889329e-05
3.143070888044462163e-05
3.145661989486202292e-05
3.149980057108418829e-05
3.156024434375001575e-05
3.163794209883226405e-05
3.173288207615997114e-05
3.184504995929794691e-05
3.197442885284097758e-05
3.212099931587490687e-05
3.228473938031092838e-05
3.246562456520572792e-05
3.266362791067185800e-05
3.287872000210315115e-05
3.311086902041404656e-05
3.336004073463232078e-05
3.362619859443270742e-05
3.390930370677364136e-05
3.420931492498745230e-05
3.452618890047512434e-05
3.485988005745219165e-05
3.521034073514055229e-05
3.557752118257123675e-05
3.596136960228209223e-05
3.636183226841775695e-05
3.677885353049574479e-05
3.721237587238704347e-05
3.766234002879238763e-05
3.812868498576267584e-05
3.861134809150443270e-05
3.911026511224484359e-05
3.962537029329402105e-05
4.015659646017938345e-05
4.070387506190271953e-05
4.126713626390922374e-05
4.184630903864873519e-05
4.244132121630599108e-05
4.305209959021803756e-05
4.367857000781537324e-05
4.432065742828936172e-05
4.497828602926731700e-05
4.565137929064301547e-05
4.633986009873990175e-05
4.704365080189509829e-05
4.776267334207461024e-05
4.849684933269822473e-05
4.924610013229933914e-05
5.001034698952702695e-05
5.078951108945968518e-05
5.158351368888744459e-05
5.239227618847840107e-05
5.321572025680440521e-05
5.405376790798555042e-05
5.490634160111411421e-05
5.577336437918682666e-05
5.665475993159134471e-05
5.755045270833952786e-05
5.846036800900671071e-05
5.938443213832772516e-05
6.032257244247690720e-05
6.127471745734358599e-05
6.224079696914158744e-05
6.322074218704024084e-05
6.421448577088005594e-05
6.522196199370243475e-05
6.624310680235744042e-05
6.727785794280981280e-05
6.832615506783060177e-05
6.938793980813644235e-05
7.046315591434197667e-05
7.155174932779208297e-05
7.265366829733305165e-05
7.376886346929442673e-05
7.489728799469665133e-05
7.603889761903862010e-05
7.719365079354202630e-05
7.836150874969069480e-05
7.954243561217842762e-05
8.073639849888632203e-05
8.194336758228504269e-05
8.316331621859192336e-05
8.439622102166151330e-05
8.564206193590120919e-05
8.690082237043997293e-05
8.817248922663931121e-05
8.945705305991868972e-05
9.075450805348488081e-05
9.206485221761526172e-05
9.338808739382115087e-05
9.472421936390813813e-05
9.607325791830163830e-05
9.743521695076105826e-05
9.881011446941957710e-05
1.001979727720987701e-04
1.015988184198974437e-04
1.030126823627977584e-04
1.044395999620119364e-04
1.058796111276134877e-04
1.073327602795336871e-04
1.087990965028314688e-04
1.102786735402636054e-04
1.117715498710619704e-04
1.132777887765338415e-04
1.147974583807359616e-04
1.163306316839963356e-04
1.178773866420575189e-04
1.194378061996643342e-04
1.210119783120779113e-04
1.225999960119163179e-04
1.242019574422773692e-04
1.258179658845531845e-04
1.274481297872751689e-04
1.290925628313569634e-04
1.307513839142529499e-04
1.324247172111003151e-04
1.341126921795745414e-04
1.358154435812160971e-04
1.375331115347211419e-04
1.392658414752518531e-04
1.410137842404093206e-04
1.427770960331399552e-04
1.445559384175062329e-04
1.463504784033377304e-04
1.481608883677747873e-04
1.499873461215037174e-04
1.518300348886912621e-04
1.536891432849258471e-04
1.555648653536953474e-04
1.574574005424374951e-04
1.593669536928115499e-04
1.612937350431459943e-04
1.632379601998103918e-04
1.651998501722411888e-04
1.671796312699199566e-04
1.691775351832444652e-04
1.711937989130572768e-04
1.732286647433620153e-04
1.752823802460244662e-04
1.773551982476931355e-04
1.794473768004165026e-04
1.815591791544651085e-04
1.836908737245131207e-04
1.858427340800314354e-04
1.880150388713676401e-04
1.902080718605529686e-04
1.924221218076952594e-04
1.946574824991196412e-04
1.969144526868735201e-04
1.991933360231401551e-04
2.014944410690042154e-04
2.038180811941778248e-04
2.061645746051932876e-04
2.085342442271383157e-04
2.109274177002420925e-04
2.133444273474775776e-04
2.157856100746743944e-04
2.182513073536208881e-04
2.207418651845177715e-04
2.232576340454456298e-04
2.257989687845917554e-04
2.283662286571841449e-04
2.309597772036618701e-04
2.335799822329384656e-04
2.362272157473994244e-04
2.389018539204652847e-04
2.416042769887698921e-04
2.443348692725399313e-04
2.470940190512881107e-04
2.498821185465266437e-04
2.526995638695763574e-04
2.555467549350230738e-04
2.584240954431587384e-04
2.613319928091578648e-04
2.642708581054795114e-04
2.672411060119991855e-04
2.702431547436500575e-04
2.732774260367238500e-04
2.763443450830484899e-04
2.794443404306543727e-04
2.825778439833927236e-04
2.857452909554424741e-04
2.889471197676397179e-04
2.921837720398934996e-04
2.954556925270947210e-04
2.987633290702298994e-04
3.021071325697496923e-04
3.054875568988830309e-04
3.089050588586713525e-04
3.123600982030804579e-04
3.158531375024604265e-04
3.193846421630768678e-04
3.229550803527814901e-04
3.265649229712754703e-04
3.302146436275250896e-04
3.339047185691064457e-04
3.376356266690961477e-04
3.414078493853799079e-04
3.452218707213471766e-04
3.490781772218440326e-04
3.529772578633825347e-04
3.569196041490058091e-04
3.609057099721556250e-04
3.649360716403010629e-04
3.690111878547636809e-04
3.731315596511245586e-04
3.772976904212101829e-04
3.815100858894238806e-04
3.857692540578192691e-04
3.900757052436865102e-04
3.944299520081077232e-04
3.988325092003711103e-04
4.032838939275300294e-04
4.077846255287134736e-04
4.123352256035044128e-04
4.169362179789852518e-04
4.215881287296784768e-04
4.262914861471490957e-04
4.310468208045085958e-04
4.358546654884970506e-04
4.407155552595600628e-04
4.456300274234305248e-04
4.505986215872486572e-04
4.556218796280993300e-04
4.607003457206826358e-04
4.658345663762358813e-04
4.710250904421953155e-04
4.762724691344186190e-04
4.815772560455081064e-04
4.869400071755743131e-04
4.923612809906944415e-04
4.978416383965272168e-04
5.033816428289088207e-04
5.089818602468671599e-04
5.146428591904731592e-04
5.203652108120137426e-04
5.261494889116143797e-04
5.319962699843056031e-04
5.379061332854758598e-04
5.438796608331197130e-04
5.499174374933146064e-04
5.560200510253271444e-04
5.621880921096444883e-04
5.684221544362301481e-04
5.747228347569178358e-04
5.810907328755998691e-04
5.875264518397094182e-04
5.940305978703094153e-04
6.006037804982405914e-04
6.072466126201842701e-04
6.139597105583281811e-04
6.207436941117177448e-04
6.275991866626032950e-04
6.345268152311289711e-04
6.415272105119423224e-04
6.486010070305570779e-04
6.557488431383866334e-04
6.629713611459361194e-04
6.702692073844961074e-04
6.776430322529263667e-04
6.850934903613412758e-04
6.926212405657938831e-04
7.002269460827346970e-04
7.079112745484710673e-04
7.156748981331541304e-04
7.235184936058795119e-04
7.314427424255469379e-04
7.394483308407282657e-04
7.475359500011113240e-04
7.557062959899878141e-04
7.639600699638152831e-04
7.722979782398865789e-04
7.807207323919963804e-04
7.892290493026858644e-04
7.978236513294569704e-04
8.065052663431583613e-04
8.152746278566845584e-04
8.241324751075782690e-04
8.330795531523785269e-04
8.421166129828853292e-04
8.512444116080021550e-04
8.604637121438739322e-04
8.697752839548125031e-04
8.791799027068839673e-04
8.886783504665918959e-04
8.982714158512865310e-04
9.079598940719482703e-04
9.177445870579281628e-04
9.276263035609758068e-04
9.376058592364695105e-04
9.476840767682131669e-04
9.578617859274133825e-04
9.681398237335282417e-04
9.785190344826092193e-04
9.890002698881147566e-04
9.995843891801789449e-04
1.010272259171906585e-03
1.021064754393414403e-03
1.031962757159683892e-03
1.042967157687198915e-03
1.054078854173926862e-03
1.065298752904352692e-03
1.076627768331682271e-03
1.088066823195915460e-03
1.099616848567531655e-03
1.111278784021416631e-03
1.123053577630618409e-03
1.134942186127013003e-03
1.146945574969762682e-03
1.159064718420342761e-03
1.171300599658562508e-03
1.183654210845097587e-03
1.196126553204832250e-03
1.208718637153564403e-03
1.221431482312133193e-03
1.234266117656084884e-03
1.247223581555462202e-03
1.260304921880756046e-03
1.273511196057925711e-03
1.286843471163197188e-03
1.300302824010456798e-03
1.313890341188334379e-03
1.327607119177266759e-03
1.341454264402788463e-03
1.355432893324260216e-03
1.369544132466015036e-03
1.383789118541933934e-03
1.398168998477948739e-03
1.412684929512859899e-03
1.427338079234222699e-03
1.442129625678179733e-03
1.457060757365737438e-03
1.472132673371838452e-03
1.487346583400098697e-03
1.502703707822425003e-03
1.518205277744872142e-03
1.533852535080768367e-03
1.549646732581677622e-03
1.565589133902975556e-03
1.581681013668497469e-03
1.597923657520386453e-03
1.614318362139623847e-03
1.630866435350973934e-03
1.647569196104941951e-03
1.664427974593566881e-03
1.681444112245707341e-03
1.698618961793344449e-03
1.715953887339729568e-03
1.733450264338540735e-03
1.751109479696224408e-03
1.768932931788119722e-03
1.786922030498704073e-03
1.805078197257594698e-03
1.823402865092232233e-03
1.841897478654357795e-03
1.860563494247829269e-03
1.879402379869866101e-03
1.898415615266197017e-03
1.917604691914025911e-03
1.936971113110817592e-03
1.956516393976518234e-03
1.976242061466811258e-03
1.996149654437998598e-03
2.016240723656917248e-03
2.036516831848318027e-03
2.056979553671483239e-03
2.077630475828125614e-03
2.098471197002329570e-03
2.119503327943579422e-03
2.140728491486467572e-03
2.162148322540016418e-03
2.183764468156373408e-03
2.205578587519451197e-03
2.227592351983033458e-03
2.249807445118039151e-03
2.272225562667787475e-03
2.294848412640482054e-03
2.317677715296060856e-03
2.340715203168125709e-03
2.363962621118200977e-03
2.387421726298626957e-03
2.411094288214608340e-03
2.434982088745297167e-03
2.459086922142109284e-03
2.483410595093728766e-03
2.507954926677606784e-03
2.532721748444847695e-03
2.557712904418206305e-03
2.582930251109950316e-03
2.608375657533009394e-03
2.634051005257695421e-03
2.659958188391886753e-03
2.686099113638255875e-03
2.712475700307908667e-03
2.739089880320853647e-03
2.765943598258830370e-03
2.793038811365489843e-03
2.820377489583850671e-03
2.847961615599832810e-03
2.875793184833792988e-03
2.903874205470496385e-03
2.932206698504915068e-03
2.960792697753483749e-03
2.989634249899331825e-03
3.018733414495887273e-03
3.048092264027907686e-03
3.077712883900801319e-03
3.107597372501782161e-03
3.137747841221855821e-03
3.168166414508024296e-03
3.198855229847995252e-03
3.229816437850728701e-03
3.261052202255395119e-03
3.292564699992583423e-03
3.324356121183056310e-03
3.356428669207087157e-03
3.388784560736864647e-03
3.421426025760718193e-03
3.454355307650209227e-03
3.487574663171299355e-03
3.521086362554794007e-03
3.554892689504791405e-03
3.588995941307647486e-03
3.623398428785249391e-03
3.658102476435212344e-03
3.693110422413424868e-03
3.728424618620595002e-03
3.764047430721682679e-03
3.799981238227899231e-03
3.836228434524125569e-03
3.872791426953031517e-03
3.909672636832064833e-03
3.946874499532918891e-03
3.984399464523393289e-03
4.022249995456247257e-03
4.060428570194917798e-03
4.098937680891245709e-03
4.137779834031598408e-03
4.176957550526161356e-03
4.216473365750188045e-03
4.256329829606378054e-03
4.296529506615200632e-03
4.337074975968580916e-03
4.377968831568696158e-03
4.419213682164816782e-03
4.460812151356275367e-03
4.502766877701989273e-03
4.545080514784519653e-03
4.587755731259025339e-03
4.630795210983128588e-03
4.674201653040274858e-03
4.717977771846833777e-03
4.762126297198722435e-03
4.806649974382003546e-03
4.851551564234338892e-03
4.896833843245867839e-03
4.942499603588457364e-03
4.988551653269224229e-03
5.034992816164813104e-03
5.081825932107039007e-03
5.129053856979425528e-03
5.176679462808205824e-03
5.224705637830567503e-03
5.273135286614940090e-03
5.321971330075953542e-03
5.371216705649210776e-03
5.420874367324152870e-03
5.470947285739888657e-03
5.521438448312345620e-03
5.572350859250849511e-03
5.623687539728497616e-03
5.675451527926909413e-03
5.727645879122089320e-03
5.780273665811600133e-03
5.833337977768251852e-03
5.886841922168287340e-03
5.940788623649886739e-03
5.995181224432800070e-03
6.050022884395997794e-03
6.105316781157755189e-03
6.161066110217227471e-03
6.217274085011814493e-03
6.273943936974334633e-03
6.331078915723951060e-03
6.388682289066470975e-03
6.446757343138561844e-03
6.505307382479247162e-03
6.564335730154880269e-03
6.623845727801192310e-03
6.683840735742296868e-03
6.744324133108621673e-03
6.805299317885369834e-03
6.866769707036086794e-03
6.928738736571126398e-03
6.991209861650297952e-03
7.054186556701159613e-03
7.117672315442260221e-03
7.181670651049858363e-03
7.246185096184957174e-03
7.311219203134506489e-03
7.376776543845370467e-03
7.442860710060006380e-03
7.509475313379319721e-03
7.576623985357315051e-03
7.644310377577694451e-03
7.712538161766421124e-03
7.781311029827169337e-03
7.850632693968984457e-03
7.920506886766869037e-03
7.990937361262648309e-03
8.061927891016305858e-03
8.133482270213215556e-03
8.205604313730484323e-03
8.278297857211083799e-03
8.351566757163942159e-03
8.425414891017952990e-03
8.499846157187636309e-03
8.574864475175024078e-03
8.650473785639215679e-03
8.726678050445246804e-03
8.803481252742242219e-03
8.880887397066852124e-03
8.958900509361940323e-03
9.037524637069523775e-03
9.116763849186797219e-03
9.196622236352976903e-03
9.277103910896141586e-03
9.358213006875767959e-03
9.439953680172138289e-03
9.522330108557696543e-03
9.605346491715191851e-03
9.689007051309230650e-03
9.773316031067671647e-03
9.858277696800116230e-03
9.943896336474720293e-03
1.003017626026138018e-02
1.011712180057128263e-02
1.020473731210800282e-02
1.029302717197221051e-02
1.038199577959731182e-02
1.047164755687130661e-02
1.056198694819429282e-02
1.065301842045344137e-02
1.074474646312640648e-02
1.083717558825770914e-02
1.093031033057742692e-02
1.102415524743949674e-02
1.111871491894435987e-02
1.121399394792454811e-02
1.130999695997801993e-02
1.140672860353543483e-02
1.150419354981937689e-02
1.160239649295021110e-02
1.170134214991734416e-02
1.180103526062046236e-02
1.190148058789905483e-02
1.200268291756350844e-02
1.210464705835965354e-02
1.220737784208780763e-02
1.231088012350083777e-02
1.241515878044538272e-02
1.252021871375987375e-02
1.262606484736495012e-02
1.273270212825288253e-02
1.284013552649869092e-02
1.294837003526857350e-02
1.305741067082650045e-02
1.316726247253971992e-02
1.327793050290771923e-02
1.338941984752661102e-02
1.350173561512786613e-02
1.361488293757217270e-02
1.372886696982566004e-02
1.384369289000002279e-02
1.395936589932215456e-02
1.407589122212124164e-02
1.419327410590080774e-02
1.431151982120882141e-02
1.443063366175181481e-02
1.455062094431056746e-02
1.467148700875800515e-02
1.479323721807502406e-02
1.491587695827860903e-02
1.503941163848328960e-02
1.516384669084336681e-02
1.528918757053995825e-02
1.541543975579109244e-02
1.554260874780219806e-02
1.567070007079363059e-02
1.579971927196843068e-02
1.592967192145991473e-02
1.606056361236695568e-02
1.619239996068519774e-02
1.632518660533640795e-02
1.645892920810391666e-02
1.659363345364442410e-02
1.672930504942409663e-02
1.686594972575986701e-02
1.700357323571706145e-02
1.714218135514494756e-02
1.728177988264563425e-02
1.742237463949685566e-02
1.756397146968034784e-02
1.770657623985287532e-02
1.785019483926993111e-02
1.799483317980293123e-02
1.814049719589843832e-02
1.828719284453009589e-02
1.843492610519663691e-02
1.858370297986318420e-02
1.873352949296012981e-02
1.888441169132040395e-02
1.903635564415841891e-02
1.918936744304729214e-02
1.934345320187014217e-02
1.949861905678720864e-02
1.965487116620504016e-02
1.981221571076235977e-02
1.997065889324078219e-02
2.013020693858506849e-02
2.029086609382078563e-02
2.045264262806491956e-02
2.061554283242920949e-02
2.077957302004363252e-02
2.094473952596320049e-02
2.111104870718477980e-02
2.127850694253629465e-02
2.144712063270597102e-02
2.161689620016639737e-02
2.178784008913281500e-02
2.195995876553474835e-02
2.213325871698221259e-02
2.230774645267025874e-02
2.248342850341129157e-02
2.266031142155561229e-02
2.283840178092583217e-02
2.301770617681729580e-02
2.319823122591748582e-02
2.337998356628387397e-02
2.356296985727944146e-02
2.374719677955512698e-02
2.393267103497513995e-02
2.411939934657010565e-02
2.430738845852106061e-02
2.449664513607216140e-02
2.468717616550965971e-02
2.487898835410007684e-02
2.507208853005201202e-02
2.526648354244546285e-02
2.546218026120617220e-02
2.565918557702910607e-02
2.585750640134847761e-02
2.605714966627933546e-02
2.625812232453827652e-02
2.646043134944028874e-02
2.666408373480231436e-02
2.686908649490632461e-02
2.707544666443346265e-02
2.728317129841017000e-02
2.749226747215739383e-02
2.770274228123342439e-02
2.791460284135747344e-02
2.812785628838203322e-02
2.834250977818851894e-02
2.855857048665893030e-02
2.877604560960556057e-02
2.899494236270632949e-02
2.921526798144040774e-02
2.943702972100897125e-02
2.966023485631003737e-02
2.988489068181840111e-02
3.011100451154898050e-02
3.033858367899601449e-02
3.056763553703030836e-02
3.079816745785575460e-02
3.103018683292098692e-02
3.126370107286093741e-02
3.149871760740882709e-02
3.173524388530966911e-02
3.197328737426981260e-02
3.221285556087660762e-02
3.245395595048731346e-02
3.269659606716890377e-02
3.294078345363114085e-02
3.318652567112082702e-02
3.343383029932970457e-02
3.368270493633288704e-02
3.393315719848351980e-02
3.418519472032157530e-02
3.443882515450669146e-02
3.469405617167582029e-02
3.495089546042075279e-02
3.520935072711654790e-02
3.546942969588057909e-02
3.573114010844005012e-02
3.599448972404432207e-02
3.625948631938590710e-02
3.652613768843814002e-02
3.679445164239364408e-02
3.706443600954641149e-02
3.733609863520500477e-02
3.760944738152097871e-02
3.788449012743540234e-02
3.816123476853275354e-02
3.843968921693118046e-02
3.871986140117995162e-02
3.900175926610402466e-02
3.928539077270441077e-02
3.957076389804299599e-02
3.985788663508768592e-02
4.014676699261159748e-02
4.043741299502872505e-02
4.072983268229268816e-02
4.102403410975442866e-02
4.132002534801312854e-02
4.161781448279209400e-02
4.191740961477289501e-02
4.221881885948533530e-02
4.252205034713511800e-02
4.282711222246483873e-02
4.313401264458972123e-02
4.344275978689717682e-02
4.375336183682097813e-02
4.406582699571943290e-02
4.438016347872209694e-02
4.469637951455610048e-02
4.501448334538446505e-02
4.533448322662017582e-02
4.565638742683772455e-02
4.598020422746371821e-02
4.630594192272220050e-02
4.663360881943609537e-02
4.696321323678956383e-02
4.729476350621863306e-02
4.762826797117234584e-02
4.796373498698057458e-02
4.830117292061505974e-02
4.864059015055302582e-02
4.898199506650488533e-02
4.932539606932461601e-02
4.967080157072466945e-02
5.001821999309483124e-02
5.036765976934647060e-02
5.071912934266634837e-02
5.107263716628149264e-02
5.142819170332713768e-02
5.178580142658393420e-02
5.214547481824085423e-02
5.250722036973898277e-02
5.287104658152052411e-02
5.323696196279547460e-02
5.360497503134026981e-02
5.397509431324048340e-02
5.434732834271712582e-02
5.472168566183060329e-02
5.509817482027479923e-02
5.547680437517348018e-02
5.585758289076650507e-02
5.624051893825508797e-02
5.662562109547174954e-02
5.701289794670617167e-02
5.740235808242900861e-02
5.779401009903419040e-02
5.818786259859301535e-02
5.858392418858119483e-02
5.898220348166785532e-02
5.938270909542336246e-02
5.978544965203996114e-02
6.019043377809291107e-02
6.059767010428449702e-02
6.100716726513458199e-02
6.141893389876482839e-02
6.183297864656964182e-02
6.224931015298208747e-02
6.266793706515094708e-02
6.308886803272807653e-02
6.351211170753008617e-02
6.393767674326177042e-02
6.436557179525478900e-02
6.479580552015549999e-02
6.522838657564702936e-02
6.566332362015554758e-02
6.610062531254794205e-02
6.654030031184073046e-02
6.698235727690667052e-02
6.742680486617107227e-02
6.787365173728025780e-02
6.832290654686430653e-02
6.877457795016007902e-02
6.922867460074891288e-02
6.968520515021031647e-02
7.014417824784671684e-02
7.060560254036113426e-02
7.106948667150586596e-02
7.153583928181037055e-02
7.200466900823677963e-02
7.247598448386158299e-02
7.294979433756153264e-02
7.342610719368908301e-02
7.390493167173220468e-02
7.438627638599561165e-02
7.487014994525943712e-02
7.535656095248015329e-02
7.584551800443435632e-02
7.633702969135583438e-02
7.683110459666885050e-02
7.732775129657729063e-02
7.782697835978086287e-02
7.832879434710178501e-02
7.883320781114859510e-02
7.934022729598014245e-02
7.984986133677654530e-02
8.036211845942202447e-02
8.087700718026033520e-02
8.139453600565946245e-02
8.191471343170075858e-02
8.243754794381451256e-02
8.296304801643512861e-02
8.349122211263607096e-02
8.402207868377074840e-02
8.455562616914048812e-02
8.509187299559087259e-02
8.563082757719794880e-02
8.617249831486568923e-02
8.671689359598556968e-02
8.726402179408766779e-02
8.781389126843694437e-02
8.836651036367614009e-02
8.892188740948249459e-02
8.948003072018807791e-02
9.004094859438732668e-02
9.060464931458467319e-02
9.117114114683692871e-02
9.174043234032956684e-02
9.231253112706240549e-02
9.288744572143373124e-02
9.346518431987016484e-02
9.404575510045565245e-02
9.462916622255354571e-02
9.521542582641245867e-02
9.580454203278510050e-02
9.639652294257508580e-02
9.699137663641106688e-02
9.758911117430366100e-02
9.818973459520734248e-02
9.879325491668751458e-02
9.939968013449977657e-02
1.000090182222120733e-01
1.006212771308160336e-01
1.012364647883307461e-01
1.018545890994036196e-01
1.024756579449265931e-01
1.030996791816618519e-01
1.037266606418107417e-01
1.043566101326276058e-01
1.049895354360283056e-01
1.056254443082216138e-01
1.062643444792397557e-01
1.069062436526144327e-01
1.075511495049028127e-01
1.081990696853593614e-01
1.088500118154893531e-01
1.095039834886406688e-01
1.101609922696066141e-01
1.108210456942493316e-01
1.114841512690524228e-01
1.121503164707292749e-01
1.128195487458156093e-01
1.134918555102586435e-01
1.141672441490047263e-01
1.148457220156016700e-01
1.155272964317522327e-01
1.162119746869297726e-01
1.168997640379784431e-01
1.175906717086235287e-01
1.182847048891652458e-01
1.189818707359751176e-01
1.196821763711122533e-01
1.203856288818803411e-01
1.210922353204274965e-01
1.218020027033763081e-01
1.225149380112773162e-01
1.232310481882879089e-01
1.239503401417110795e-01
1.246728207415791490e-01
1.253984968202302153e-01
1.261273751718745006e-01
1.268594625521552721e-01
1.275947656777411121e-01
1.283332912259066150e-01
1.290750458340456097e-01
1.298200360993123914e-01
1.305682685781352492e-01
1.313197497858082097e-01
1.320744861960511385e-01
1.328324842405610440e-01
1.335937503086009337e-01
1.343582907465569187e-01
1.351261118574689224e-01
1.358972199006308612e-01
1.366716210911419205e-01
1.374493215994425366e-01
1.382303275509199625e-01
1.390146450253728072e-01
1.398022800566968704e-01
1.405932386323350547e-01
1.413875266928751318e-01
1.421851501316080679e-01
1.429861147940599264e-01
1.437904264775577146e-01
1.445980909307773843e-01
1.454091138532837002e-01
1.462235008951129900e-01
1.470412576562674378e-01
1.478623896863282550e-01
1.486869024839329034e-01
1.495148014963773864e-01
1.503460921191189237e-01
1.511807796953766325e-01
1.520188695155919034e-01
1.528603668170632479e-01
1.537052767833956557e-01
1.545536045441320838e-01
1.554053551742351491e-01
1.562605336936433997e-01
1.571191450668028844e-01
1.579811942022212035e-01
1.588466859519988839e-01
1.597156251113492076e-01
1.605880164181603675e-01
1.614638645525374172e-01
1.623431741362816039e-01
1.632259497324866915e-01
1.641121958450440232e-01
1.650019169182045664e-01
1.658951173360377340e-01
1.667918014220676481e-01
1.676919734387277983e-01
1.685956375869022417e-01
1.695027980055072991e-01
1.704134587709568716e-01
1.713276238967272602e-01
1.722452973328831294e-01
1.731664829656094085e-01
1.740911846167274013e-01
1.750194060432385956e-01
1.759511509368433813e-01
1.768864229234607677e-01
1.778252255627958134e-01
1.787675623478016673e-01
1.797134367042701464e-01
1.806628519903271113e-01
1.816158114959694758e-01
1.825723184425760703e-01
1.835323759824573631e-01
1.844959871983836985e-01
1.854631551030699876e-01
1.864338826387577641e-01
1.874081726767240219e-01
1.883860280167850287e-01
1.893674513868586762e-01
1.903524454424526946e-01
1.913410127662444060e-01
1.923331558675558661e-01
1.933288771819308693e-01
1.943281790705967405e-01
1.953310638200893012e-01
1.963375336416861294e-01
1.973475906709897532e-01
1.983612369674482567e-01
1.993784745138950931e-01
2.003993052160469301e-01
2.014237309020717182e-01
2.024517533221013299e-01
2.034833741477769520e-01
2.045185949717676643e-01
2.055574173073036470e-01
2.065998425877403344e-01
2.076458721660676965e-01
2.086955073144489414e-01
2.097487492237535556e-01
2.108055990031255933e-01
2.118660576794785533e-01
2.129301261970754644e-01
2.139978054170406374e-01
2.150690961169388071e-01
2.161439989902596559e-01
2.172225146460248779e-01
2.183046436082992370e-01
2.193903863157208034e-01
2.204797431211169556e-01
2.215727142909733050e-01
2.226693000050424531e-01
2.237695003558593243e-01
2.248733153483255531e-01
2.259807448992239287e-01
2.270917888368432502e-01
2.282064469004384533e-01
2.293247187399017895e-01
2.304466039152321399e-01
2.315721018961099109e-01
2.327012120615640500e-01
2.338339336993954798e-01
2.349702660058154147e-01
2.361102080850236151e-01
2.372537589487578313e-01
2.384009175158938731e-01
2.395516826119702958e-01
2.407060529688295480e-01
2.418640272241437683e-01
2.430256039210154373e-01
2.441907815076066190e-01
2.453595583366180999e-01
2.465319326650141640e-01
2.477079026534626527e-01
2.488874663660913533e-01
2.500706217699218969e-01
2.512573667345494588e-01
2.524476990317935376e-01
2.536416163351843389e-01
2.548391162196394499e-01
2.560401961610567767e-01
2.572448535359170285e-01
2.584530856208996363e-01
2.596648895924809630e-01
2.608802625266227193e-01
2.620992013982421653e-01
2.633217030809938408e-01
2.645477643468251427e-01
2.657773818655522202e-01
2.670105522046164470e-01
2.682472718285889846e-01
2.694875370988986107e-01
2.707313442733838560e-01
2.719786895060370968e-01
2.732295688465783967e-01
2.744839782401012895e-01
2.757419135267371035e-01
2.770033704413451536e-01
2.782683446131592464e-01
2.795368315653316005e-01
2.808088267147949013e-01
2.820843253717290611e-01
2.833633227393850817e-01
2.846458139136622267e-01
2.859317938828401795e-01
2.872212575272087842e-01
2.885141996187756686e-01
2.898106148209770305e-01
2.911104976882561979e-01
2.924138426659646517e-01
2.937206440898187942e-01
2.950308961857439627e-01
2.963445930695556840e-01
2.976617287466103989e-01
2.989822971115822514e-01
3.003062919481393478e-01
3.016337069286555983e-01
3.029645356139587520e-01
3.042987714529953869e-01
3.056364077826117520e-01
3.069774378272890347e-01
3.083218546988416575e-01
3.096696513960898178e-01
3.110208208048102496e-01
3.123753556972571621e-01
3.137332487320060870e-01
3.150944924537149583e-01
3.164590792928474450e-01
3.178270015654704461e-01
3.191982514729767018e-01
3.205728211018212814e-01
3.219507024234499748e-01
3.233318872938669153e-01
3.247163674535072375e-01
3.261041345270766501e-01
3.274951800232381305e-01
3.288894953344435046e-01
3.302870717367336617e-01
3.316879003895278344e-01
3.330919723354222595e-01
3.344992785000074353e-01
3.359098096916108278e-01
3.373235566012703912e-01
3.387405098023511529e-01
3.401606597505276719e-01
3.415839967834649604e-01
3.430105111208349156e-01
3.444401928639675980e-01
3.458730319957879495e-01
3.473090183805926934e-01
3.487481417640073689e-01
3.501903917726955640e-01
3.516357579143072343e-01
3.530842295773492512e-01
3.545357960309109546e-01
3.559904464247269362e-01
3.574481697888852172e-01
3.589089550338188106e-01
3.603727909500703541e-01
3.618396662082777326e-01
3.633095693590076558e-01
3.647824888326637871e-01
3.662584129393585686e-01
3.677373298688552117e-01
3.692192276904357473e-01
3.707040943528396859e-01
3.721919176841181343e-01
3.736826853916774827e-01
3.751763850620385421e-01
3.766730041608707391e-01
3.781725300329125128e-01
3.796749499018614027e-01
3.811802508703596715e-01
3.826884199199124814e-01
3.841994439108230575e-01
3.857133095822183888e-01
3.872300035518859151e-01
3.887495123163808852e-01
3.902718222508544388e-01
3.917969196091159456e-01
3.933247905235223163e-01
3.948554210051208879e-01
3.963887969434538028e-01
3.979249041066083570e-01
3.994637281412566909e-01
4.010052545726182083e-01
4.025494688044706226e-01
4.040963561191427411e-01
4.056459016775311732e-01
4.071980905191037170e-01
4.087529075619986685e-01
4.103103376029450522e-01
4.118703653173453882e-01
4.134329752593636220e-01
4.149981518618210963e-01
4.165658794364019979e-01
4.181361421736153883e-01
4.197089241428673678e-01
4.212842092925024873e-01
4.228619814499315899e-01
4.244422243216284252e-01
4.260249214932487205e-01
4.276100564296924644e-01
4.291976124751799571e-01
4.307875728534015236e-01
4.323799206674840412e-01
4.339746389002735460e-01
4.355717104142603491e-01
4.371711179517882018e-01
4.387728441351469444e-01
4.403768714666957407e-01
4.419831823289707695e-01
4.435917589848702436e-01
4.452025835776730056e-01
4.468156381313326264e-01
4.484309045505038838e-01
4.500483646207187882e-01
4.516680000085812052e-01
4.532897922618853159e-01
4.549137228098219521e-01
4.565397729630940593e-01
4.581679239141323579e-01
4.597981567372844136e-01
4.614304523889768972e-01
4.630647917079341869e-01
4.647011554153445134e-01
4.663395241150479764e-01
4.679798782938168200e-01
4.696221983215037588e-01
4.712664644513204770e-01
4.729126568199565894e-01
4.745607554479463475e-01
4.762107402398015332e-01
4.778625909842722508e-01
4.795162873546266469e-01
4.811718089088817818e-01
4.828291350900563716e-01
4.844882452264431816e-01
4.861491185318714825e-01
4.878117341059435286e-01
4.894760709344088134e-01
4.911421078893607461e-01
4.928098237295592265e-01
4.944791971007220233e-01
4.961502065358034952e-01
4.978228304553702910e-01
4.994970471678563673e-01
5.011728348698939461e-01
5.028501716465886284e-01
5.045290354719598191e-01
5.062094042092168955e-01
5.078912556110380949e-01
5.095745673200343662e-01
5.112593168689768541e-01
5.129454816812947238e-01
5.146330390713417247e-01
5.163219662447393610e-01
5.180122402988687202e-01
5.197038382231334852e-01
5.213967368994466556e-01
5.230909131025025527e-01
5.247863435002960708e-01
5.264830046544799469e-01
5.281808730207282476e-01
5.298799249492374130e-01
5.315801366850646525e-01
5.332814843685984574e-01
5.349839440360129039e-01
5.366874916196533452e-01
5.383921029485256859e-01
5.400977537486943980e-01
5.418044196438001059e-01
5.435120761554603774e-01
5.452206987038112906e-01
5.469302626078855756e-01
5.486407430861851564e-01
5.503521152570988173e-01
5.520643541394419929e-01
5.537774346529040770e-01
5.554913316185519090e-01
5.572060197594560504e-01
5.589214737009718936e-01
5.606376679714956124e-01
5.623545770028456348e-01
5.640721751308539478e-01
5.657904365958905668e-01
5.675093355433844522e-01
5.692288460243934978e-01
5.709489419961296663e-01
5.726695973225939262e-01
5.743907857750242263e-01
5.761124810325920498e-01
5.778346566828879149e-01
5.795572862225308874e-01
5.812803430577371255e-01
5.830038005049761329e-01
5.847276317915219845e-01
5.864518100560358604e-01
5.881763083492153044e-01
5.899010996344231650e-01
5.916261567882605821e-01
5.933514526012503287e-01
5.950769597783868159e-01
5.968026509398537405e-01
5.985284986216559133e-01
6.002544752762238867e-01
6.019805532731051789e-01
6.037067048996457297e-01
6.054329023615524497e-01
6.071591177837116771e-01
6.088853232107609426e-01
6.106114906077793059e-01
6.123375918610348689e-01
6.140635987785957317e-01
6.157894830911001538e-01
6.175152164524319032e-01
6.192407704403886104e-01
6.209661165574649200e-01
6.226912262315309476e-01
6.244160708165593654e-01
6.261406215933456032e-01
6.278648497702522535e-01
6.295887264839797881e-01
6.313122228002342462e-01
6.330353097145590135e-01
6.347579581530440329e-01
6.364801389730767589e-01
6.382018229641394091e-01
6.399229808485529247e-01
6.416435832822507956e-01
6.433636008555936314e-01
6.450830040940778165e-01
6.468017634592281295e-01
6.485198493492905225e-01
6.502372321000989830e-01
6.519538819858117229e-01
6.536697692198155663e-01
6.553848639554132882e-01
6.570991362868007224e-01
6.588125562496910392e-01
6.605250938223183876e-01
6.622367189261731957e-01
6.639474014268232915e-01
6.656571111348588143e-01
6.673658178065724478e-01
6.690734911449874867e-01
6.707801008005492838e-01
6.724856163720918101e-01
6.741900074076433436e-01
6.758932434053021021e-01
6.775952938141466264e-01
6.792961280350315878e-01
6.809957154215099395e-01
6.826940252807001119e-01
6.843910268742371406e-01
6.860866894190512655e-01
6.877809820883155068e-01
6.894738740123560472e-01
6.911653342795536226e-01
6.928553319371977270e-01
6.945438359924628324e-01
6.962308154132750282e-01
6.979162391292269563e-01
6.996000760325435941e-01
7.012822949789584426e-01
7.029628647886592141e-01
7.046417542471774542e-01
7.063189321064383686e-01
7.079943670855229909e-01
7.096680278717844015e-01
7.113398831216849461e-01
7.130099014617601316e-01
7.146780514895869629e-01
7.163443017747098684e-01
7.180086208596823116e-01
7.196709772609017897e-01
7.213313394696626579e-01
7.229896759530926031e-01
7.246459551551193146e-01
7.263001454974251647e-01
7.279522153805052520e-01
7.296021331845542468e-01
7.312498672704309532e-01
7.328953859808017279e-01
7.345386576409487223e-01
7.361796505598037221e-01
7.378183330310473798e-01
7.394546733339375510e-01
7.410886397344337295e-01
7.427202004861334084e-01
7.443493238313706462e-01
7.459759780020455144e-01
7.476001312208354621e-01
7.492217517019518214e-01
7.508408076524651920e-01
7.524572672731412171e-01
7.540710987593194359e-01
7.556822703023058363e-01
7.572907500900110112e-01
7.588965063082253604e-01
7.604995071415603380e-01
7.620997207744577562e-01
7.636971153922044175e-01
7.652916591820985159e-01
7.668833203342577676e-01
7.684720670428782929e-01
7.700578675071165780e-01
7.716406899322068025e-01
7.732205025305400881e-01
7.747972735225265861e-01
7.763709711379097600e-01
7.779415636165026848e-01
7.795090192095853743e-01
7.810733061805519295e-01
7.826343928064187772e-01
7.841922473784468384e-01
7.857468382034652477e-01
7.872981336048192613e-01
7.888461019234789262e-01
7.903907115190796917e-01
7.919319307709313804e-01
7.934697280791501717e-01
7.950040718656300465e-01
7.965349305752886799e-01
7.980622726769066588e-01
7.995860666642783388e-01
8.011062810574023363e-01
8.026228844033006515e-01
8.041358452773431642e-01
8.056451322840867402e-01
8.071507140585216789e-01
8.086525592670353868e-01
8.101506366085716726e-01
8.116449148156451576e-01
8.131353626552793035e-01
8.146219489304534767e-01
8.161046424806849275e-01
8.175834121835645618e-01
8.190582269554863570e-01
8.205290557529462125e-01
8.219958675734208020e-01
8.234586314566746390e-01
8.249173164855784224e-01
8.263718917874429692e-01
8.278223265348446658e-01
8.292685899469485200e-01
8.307106512902968642e-01
8.321484798801863647e-01
8.335820450815093485e-01
8.350113163099889269e-01
8.364362630330975934e-01
8.378568547713254322e-01
8.392730610990826179e-01
8.406848516458289566e-01
8.420921960972004294e-01
8.434950641960269335e-01
8.448934257433704520e-01
8.462872505997198758e-01
8.476765086859827658e-01
8.490611699844841098e-01
8.504412045402321985e-01
8.518165824617808246e-01
8.531872739224364288e-01
8.545532491612748416e-01
8.559144784842264153e-01
8.572709322650990948e-01
8.586225809466742076e-01
8.599693950418453303e-01
8.613113451345748572e-01
8.626484018809148502e-01
8.639805360103449683e-01
8.653077183264189509e-01
8.666299197081781536e-01
8.679471111109987591e-01
8.692592635677645063e-01
8.705663481899154066e-01
8.718683361683755573e-01
8.731651987748197952e-01
8.744569073624155475e-01
8.757434333672651228e-01
8.770247483091399010e-01
8.783008237926113182e-01
8.795716315082048320e-01
8.808371432332392503e-01
8.820973308330810614e-01
8.833521662620398285e-01
8.846016215644754155e-01
8.858456688757411213e-01
8.870842804233792789e-01
8.883174285279585858e-01
8.895450856042304011e-01
8.907672241621761300e-01
8.919838168079012863e-01
8.931948362447313938e-01
8.944002552742444934e-01
8.956000467973401769e-01
8.967941838150813583e-01
8.979826394298572323e-01
8.991653868463949095e-01
9.003423993726095143e-01
9.015136504207476031e-01
9.026791135084496487e-01
9.038387622594993287e-01
9.049925704050412190e-01
9.061405117845375834e-01
9.072825603466390110e-01
9.084186901503447098e-01
9.095488753658025338e-01
9.106730902753708001e-01
9.117913092747332859e-01
9.129035068735688041e-01
9.140096576968024245e-01
9.151097364853585381e-01
9.162037180973232608e-01
9.172915775088003043e-01
9.183732898147859425e-01
9.194488302302499250e-01
9.205181740910484134e-01
9.215812968548396933e-01
9.226381741020641680e-01
9.236887815368181043e-01
9.247330949878612705e-01
9.257710904095481919e-01
9.268027438825761077e-01
9.278280316152383023e-01
9.288469299439710003e-01
9.298594153345529634e-01
9.308654643829091802e-01
9.318650538159084507e-01
9.328581604925157977e-01
9.338447614043633438e-01
9.348248336769698907e-01
9.357983545703948414e-01
9.367653014801313738e-01
9.377256519382218825e-01
9.386793836138266345e-01
9.396264743142599407e-01
9.405669019857917368e-01
9.415006447145617408e-01
9.424276807274073464e-01
9.433479883927002874e-01
9.442615462211247923e-01
9.451683328667288553e-01
9.460683271275452944e-01
9.469615079464099860e-01
9.478478544120250149e-01
9.487273457595096771e-01
9.495999613713891341e-01
9.504656807782597694e-01
9.513244836597538612e-01
9.521763498451916163e-01
9.530212593144827826e-01
9.538591921988245348e-01
9.546901287815112713e-01
9.555140494987874877e-01
9.563309349404731652e-01
9.571407658508297445e-01
9.579435231293376152e-01
9.587391878313419324e-01
9.595277411688895031e-01
9.603091645114175678e-01
9.610834393865578251e-01
9.618505474807845790e-01
9.626104706401984457e-01
9.633631908712003700e-01
9.641086903412208198e-01
9.648469513793962449e-01
9.655779564773913082e-01
9.663016882899135851e-01
9.670181296355322420e-01
9.677272634972231558e-01
9.684290730232554267e-01
9.691235415276790999e-01
9.698106524910244941e-01
9.704903895609636733e-01
9.711627365530106637e-01
9.718276774511175331e-01
9.724851964083124356e-01
9.731352777473285531e-01
9.737779059612051702e-01
9.744130657139683516e-01
9.750407418411848326e-01
9.756609193505666466e-01
9.762735834226835552e-01
9.768787194112259487e-01
9.774763128440454585e-01
9.780663494234234090e-01
9.786488150266635655e-01
9.792236957067437242e-01
9.797909776928478420e-01
9.803506473908686347e-01
9.809026913839998807e-01
9.814470964332463465e-01
9.819838494779340454e-01
9.825129376363246347e-01
9.830343482059675786e-01
9.835480686643613968e-01
9.840540866693510136e-01
9.845523900596888645e-01
9.850429668554498974e-01
9.855258052586031159e-01
9.860008936533593005e-01
9.864682206067574288e-01
9.869277748690369334e-01
9.873795453741617267e-01
9.878235212401289544e-01
9.882596917696107042e-01
9.886880464501143218e-01
9.891085749546993933e-01
9.895212671421269590e-01
9.899261130574273926e-01
9.903231029323372736e-01
9.907122271853485707e-01
9.910934764226304594e-01
9.914668414379167460e-01
9.918323132132280673e-01
9.921898829189277347e-01
9.925395419143396847e-01
9.928812817479123476e-01
9.932150941576810554e-01
9.935409710715242815e-01
9.938589046074348676e-01
9.941688870740142958e-01
9.944709109706290073e-01
9.947649689877139378e-01
9.950510540071620946e-01
9.953291591024796547e-01
9.955992775391617755e-01
9.958614027749908004e-01
9.961155284601408422e-01
9.963616484375942273e-01
9.965997567433252380e-01
9.968298476065396985e-01
9.970519154498342917e-01
9.972659548895713710e-01
9.974719607359308071e-01
9.976699279933468612e-01
9.978598518603487566e-01
9.980417277301512069e-01
9.982155511905397294e-01
9.983813180242107066e-01
9.985390242088553192e-01
9.986886659174243341e-01
9.988302395180437276e-01
9.989637415745109550e-01
9.990891688461506215e-01
9.992065182880771612e-01
9.993157870512244800e-01
9.994169724826029721e-01
9.995100721252615505e-01
9.995950837184454096e-01
9.996720051976516475e-01
9.997408346948453151e-01
9.998015705383422880e-01
9.998542112529860137e-01
9.998987555601895894e-01
9.999352023780134768e-01
9.999635508211655033e-01
9.999838002010044136e-01
9.999959500256468958e-01
9.999999999999940048e-01
9.999959500256468958e-01
9.999838002010044136e-01
9.999635508211655033e-01
9.999352023780133658e-01
9.998987555601892563e-01
9.998542112529851256e-01
9.998015705383426210e-01
9.997408346948453151e-01
9.996720051976515364e-01
9.995950837184456317e-01
9.995100721252616616e-01
9.994169724826029721e-01
9.993157870512247021e-01
9.992065182880767171e-01
9.990891688461505105e-01
9.989637415745111770e-01
9.988302395180439497e-01
9.986886659174242231e-01
9.985390242088542090e-01
9.983813180242111507e-01
9.982155511905395073e-01
9.980417277301508738e-01
9.978598518603485346e-01
9.976699279933460840e-01
9.974719607359302520e-01
9.972659548895710380e-01
9.970519154498347358e-01
9.968298476065394764e-01
9.965997567433260151e-01
9.963616484375923399e-01
9.961155284601396209e-01
9.958614027749908004e-01
9.955992775391616645e-01
9.953291591024794327e-01
9.950510540071620946e-01
9.947649689877134938e-01
9.944709109706292294e-01
9.941688870740142958e-01
9.938589046074344235e-01
9.935409710715241705e-01
9.932150941576807224e-01
9.928812817479114594e-01
9.925395419143399067e-01
9.921898829189286229e-01
9.918323132132276232e-01
9.914668414379158579e-01
9.910934764226297933e-01
9.907122271853490147e-01
9.903231029323361634e-01
9.899261130574277256e-01
9.895212671421265149e-01
9.891085749546993933e-01
9.886880464501137666e-01
9.882596917696107042e-01
9.878235212401280663e-01
9.873795453741619488e-01
9.869277748690363783e-01
9.864682206067575398e-01
9.860008936533594115e-01
9.855258052586028938e-01
9.850429668554498974e-01
9.845523900596889755e-01
9.840540866693510136e-01
9.835480686643611747e-01
9.830343482059673565e-01
9.825129376363247458e-01
9.819838494779332683e-01
9.814470964332463465e-01
9.809026913839993256e-01
9.803506473908698560e-01
9.797909776928477310e-01
9.792236957067437242e-01
9.786488150266617891e-01
9.780663494234224098e-01
9.774763128440454585e-01
9.768787194112275030e-01
9.762735834226831111e-01
9.756609193505660915e-01
9.750407418411835003e-01
9.744130657139669083e-01
9.737779059612048371e-01
9.731352777473288862e-01
9.724851964083122136e-01
9.718276774511173111e-01
9.711627365530093314e-01
9.704903895609640063e-01
9.698106524910246051e-01
9.691235415276787668e-01
9.684290730232546496e-01
9.677272634972232668e-01
9.670181296355329081e-01
9.663016882899124749e-01
9.655779564773917523e-01
9.648469513793965779e-01
9.641086903412207088e-01
9.633631908712005920e-01
9.626104706401983346e-01
9.618505474807829136e-01
9.610834393865579361e-01
9.603091645114174568e-01
9.595277411688895031e-01
9.587391878313419324e-01
9.579435231293376152e-01
9.571407658508284122e-01
9.563309349404728321e-01
9.555140494987878208e-01
9.546901287815109383e-01
9.538591921988232025e-01
9.530212593144813393e-01
9.521763498451916163e-01
9.513244836597518628e-01
9.504656807782584371e-01
9.495999613713892451e-01
9.487273457595086779e-01
9.478478544120260141e-01
9.469615079464094309e-01
9.460683271275459605e-01
9.451683328667287443e-01
9.442615462211247923e-01
9.433479883927002874e-01
9.424276807274069023e-01
9.415006447145619628e-01
9.405669019857909596e-01
9.396264743142597187e-01
9.386793836138267455e-01
9.377256519382224376e-01
9.367653014801310407e-01
9.357983545703946193e-01
9.348248336769680034e-01
9.338447614043619005e-01
9.328581604925155757e-01
9.318650538159076735e-01
9.308654643829098463e-01
9.298594153345537405e-01
9.288469299439714444e-01
9.278280316152374141e-01
9.268027438825747755e-01
9.257710904095487470e-01
9.247330949878604933e-01
9.236887815368168830e-01
9.226381741020633909e-01
9.215812968548405815e-01
9.205181740910477473e-01
9.194488302302499250e-01
9.183732898147854984e-01
9.172915775087993051e-01
9.162037180973230388e-01
9.151097364853590932e-01
9.140096576968022024e-01
9.129035068735688041e-01
9.117913092747346182e-01
9.106730902753691348e-01
9.095488753658023118e-01
9.084186901503438216e-01
9.072825603466387889e-01
9.061405117845366952e-01
9.049925704050423292e-01
9.038387622594994397e-01
9.026791135084494266e-01
9.015136504207493795e-01
9.003423993726099583e-01
8.991653868463959087e-01
8.979826394298564551e-01
8.967941838150799150e-01
8.956000467973408430e-01
8.944002552742436052e-01
8.931948362447315048e-01
8.919838168079011753e-01
8.907672241621761300e-01
8.895450856042305121e-01
8.883174285279584748e-01
8.870842804233795009e-01
8.858456688757416764e-01
8.846016215644748604e-01
8.833521662620389403e-01
8.820973308330810614e-01
8.808371432332383621e-01
8.795716315082046100e-01
8.783008237926103190e-01
8.770247483091407892e-01
8.757434333672643456e-01
8.744569073624155475e-01
8.731651987748176857e-01
8.718683361683753352e-01
8.705663481899142964e-01
8.692592635677636181e-01
8.679471111109986481e-01
8.666299197081772654e-01
8.653077183264190619e-01
8.639805360103439691e-01
8.626484018809145171e-01
8.613113451345751903e-01
8.599693950418453303e-01
8.586225809466749848e-01
8.572709322650973185e-01
8.559144784842269704e-01
8.545532491612743975e-01
8.531872739224369839e-01
8.518165824617806026e-01
8.504412045402324205e-01
8.490611699844844429e-01
8.476765086859812115e-01
8.462872505997197647e-01
8.448934257433715622e-01
8.434950641960253792e-01
8.420921960971996523e-01
8.406848516458294007e-01
8.392730610990821738e-01
8.378568547713249881e-01
8.364362630330970383e-01
8.350113163099888158e-01
8.335820450815084603e-01
8.321484798801861427e-01
8.307106512902969753e-01
8.292685899469480759e-01
8.278223265348461091e-01
8.263718917874431913e-01
8.249173164855790885e-01
8.234586314566740839e-01
8.219958675734205800e-01
8.205290557529467677e-01
8.190582269554856909e-01
8.175834121835638957e-01
8.161046424806852606e-01
8.146219489304533656e-01
8.131353626552795255e-01
8.116449148156450466e-01
8.101506366085711175e-01
8.086525592670357199e-01
8.071507140585215678e-01
8.056451322840865181e-01
8.041358452773423870e-01
8.026228844032999854e-01
8.011062810574015591e-01
7.995860666642780057e-01
7.980622726769065478e-01
7.965349305752887910e-01
7.950040718656300465e-01
7.934697280791503937e-01
7.919319307709303812e-01
7.903907115190794697e-01
7.888461019234777050e-01
7.872981336048178180e-01
7.857468382034644705e-01
7.841922473784466163e-01
7.826343928064193323e-01
7.810733061805519295e-01
7.795090192095849302e-01
7.779415636165022407e-01
7.763709711379105372e-01
7.747972735225262531e-01
7.732205025305398660e-01
7.716406899322061363e-01
7.700578675071154677e-01
7.684720670428779599e-01
7.668833203342566573e-01
7.652916591820990710e-01
7.636971153922048616e-01
7.620997207744577562e-01
7.604995071415593388e-01
7.588965063082238061e-01
7.572907500900105671e-01
7.556822703023045040e-01
7.540710987593192138e-01
7.524572672731389966e-01
7.508408076524650809e-01
7.492217517019517103e-01
7.476001312208347960e-01
7.459759780020451814e-01
7.443493238313709792e-01
7.427202004861324092e-01
7.410886397344323973e-01
7.394546733339357747e-01
7.378183330310469357e-01
7.361796505598010576e-01
7.345386576409485002e-01
7.328953859808016169e-01
7.312498672704306202e-01
7.296021331845540248e-01
7.279522153805052520e-01
7.263001454974239435e-01
7.246459551551186484e-01
7.229896759530917150e-01
7.213313394696618808e-01
7.196709772609013456e-01
7.180086208596809794e-01
7.163443017747092023e-01
7.146780514895868519e-01
7.130099014617594655e-01
7.113398831216840579e-01
7.096680278717838464e-01
7.079943670855232130e-01
7.063189321064382575e-01
7.046417542471754558e-01
7.029628647886587700e-01
7.012822949789574434e-01
6.996000760325424839e-01
6.979162391292266232e-01
6.962308154132746951e-01
6.945438359924622773e-01
6.928553319371967278e-01
6.911653342795532895e-01
6.894738740123551590e-01
6.877809820883147296e-01
6.860866894190505993e-01
6.843910268742356973e-01
6.826940252806994458e-01
6.809957154215096065e-01
6.792961280350313658e-01
6.775952938141467374e-01
6.758932434053022131e-01
6.741900074076420113e-01
6.724856163720913660e-01
6.707801008005485066e-01
6.690734911449865985e-01
6.673658178065718927e-01
6.656571111348581482e-01
6.639474014268225144e-01
6.622367189261725295e-01
6.605250938223186097e-01
6.588125562496905951e-01
6.570991362868001673e-01
6.553848639554114008e-01
6.536697692198150111e-01
6.519538819858109457e-01
6.502372321000990940e-01
6.485198493492901894e-01
6.468017634592275744e-01
6.450830040940762622e-01
6.433636008555929653e-01
6.416435832822514618e-01
6.399229808485520365e-01
6.382018229641381879e-01
6.364801389730759817e-01
6.347579581530432558e-01
6.330353097145580143e-01
6.313122228002332470e-01
6.295887264839785669e-01
6.278648497702521425e-01
6.261406215933456032e-01
6.244160708165589213e-01
6.226912262315315028e-01
6.209661165574642538e-01
6.192407704403881663e-01
6.175152164524307929e-01
6.157894830910999318e-01
6.140635987785952876e-01
6.123375918610342028e-01
6.106114906077788618e-01
6.088853232107609426e-01
6.071591177837113440e-01
6.054329023615513394e-01
6.037067048996455076e-01
6.019805532731056230e-01
6.002544752762226654e-01
5.985284986216560243e-01
5.968026509398519641e-01
5.950769597783868159e-01
5.933514526012496626e-01
5.916261567882606931e-01
5.899010996344229429e-01
5.881763083492144162e-01
5.864518100560353053e-01
5.847276317915206523e-01
5.830038005049746896e-01
5.812803430577364594e-01
5.795572862225303323e-01
5.778346566828862496e-01
5.761124810325923828e-01
5.743907857750241153e-01
5.726695973225928160e-01
5.709489419961294443e-01
5.692288460243922765e-01
5.675093355433843412e-01
5.657904365958893456e-01
5.640721751308530596e-01
5.623545770028438584e-01
5.606376679714943911e-01
5.589214737009701173e-01
5.572060197594540520e-01
5.554913316185512429e-01
5.537774346529031888e-01
5.520643541394409937e-01
5.503521152570978181e-01
5.486407430861847123e-01
5.469302626078851315e-01
5.452206987038101804e-01
5.435120761554602664e-01
5.418044196437996618e-01
5.400977537486941760e-01
5.383921029485263521e-01
5.366874916196536782e-01
5.349839440360121268e-01
5.332814843685974582e-01
5.315801366850636533e-01
5.298799249492373020e-01
5.281808730207278035e-01
5.264830046544789477e-01
5.247863435002944055e-01
5.230909131025025527e-01
5.213967368994459894e-01
5.197038382231329301e-01
5.180122402988692754e-01
5.163219662447390279e-01
5.146330390713405034e-01
5.129454816812946127e-01
5.112593168689759660e-01
5.095745673200327008e-01
5.078912556110364296e-01
5.062094042092160073e-01
5.045290354719591530e-01
5.028501716465877402e-01
5.011728348698932800e-01
4.994970471678558677e-01
4.978228304553700134e-01
4.961502065358033842e-01
4.944791971007221898e-01
4.928098237295578388e-01
4.911421078893601355e-01
4.894760709344076477e-01
4.878117341059425294e-01
4.861491185318716490e-01
4.844882452264424599e-01
4.828291350900562051e-01
4.811718089088806716e-01
4.795162873546267024e-01
4.778625909842713071e-01
4.762107402398015332e-01
4.745607554479442380e-01
4.729126568199568670e-01
4.712664644513193668e-01
4.696221983215037588e-01
4.679798782938164869e-01
4.663395241150474213e-01
4.647011554153442914e-01
4.630647917079317444e-01
4.614304523889772858e-01
4.597981567372827483e-01
4.581679239141319693e-01
4.565397729630930601e-01
4.549137228098208419e-01
4.532897922618844833e-01
4.516680000085804281e-01
4.500483646207172339e-01
4.484309045505038283e-01
4.468156381313325154e-01
4.452025835776719509e-01
4.435917589848695219e-01
4.419831823289707695e-01
4.403768714666957962e-01
4.387728441351453901e-01
4.371711179517875911e-01
4.355717104142597385e-01
4.339746389002736016e-01
4.323799206674840967e-01
4.307875728534008575e-01
4.291976124751804011e-01
4.276100564296914097e-01
4.260249214932483319e-01
4.244422243216279256e-01
4.228619814499315899e-01
4.212842092925023763e-01
4.197089241428663686e-01
4.181361421736159434e-01
4.165658794364026640e-01
4.149981518618200416e-01
4.134329752593623453e-01
4.118703653173444446e-01
4.103103376029441085e-01
4.087529075619972807e-01
4.071980905191021627e-01
4.056459016775294524e-01
4.040963561191414644e-01
4.025494688044704006e-01
4.010052545726180973e-01
3.994637281412559138e-01
3.979249041066068027e-01
3.963887969434528036e-01
3.948554210051208324e-01
3.933247905235209840e-01
3.917969196091147244e-01
3.902718222508533841e-01
3.887495123163802746e-01
3.872300035518853045e-01
3.857133095822181668e-01
3.841994439108221693e-01
3.826884199199110936e-01
3.811802508703582837e-01
3.796749499018611251e-01
3.781725300329111805e-01
3.766730041608699620e-01
3.751763850620382645e-01
3.736826853916770941e-01
3.721919176841169130e-01
3.707040943528390753e-01
3.692192276904352477e-01
3.677373298688542680e-01
3.662584129393588461e-01
3.647824888326624548e-01
3.633095693590069342e-01
3.618396662082770110e-01
3.603727909500687998e-01
3.589089550338177559e-01
3.574481697888847176e-01
3.559904464247258260e-01
3.545357960309103995e-01
3.530842295773475303e-01
3.516357579143072343e-01
3.501903917726951199e-01
3.487481417640077574e-01
3.473090183805923603e-01
3.458730319957873389e-01
3.444401928639669874e-01
3.430105111208342494e-01
3.415839967834649049e-01
3.401606597505275054e-01
3.387405098023493766e-01
3.373235566012703912e-01
3.359098096916103837e-01
3.344992785000070468e-01
3.330919723354218709e-01
3.316879003895272238e-01
3.302870717367324405e-01
3.288894953344423944e-01
3.274951800232369648e-01
3.261041345270747627e-01
3.247163674535065159e-01
3.233318872938665267e-01
3.219507024234491976e-01
3.205728211018196161e-01
3.191982514729760911e-01
3.178270015654695024e-01
3.164590792928459462e-01
3.150944924537146807e-01
3.137332487320040331e-01
3.123753556972565515e-01
3.110208208048098055e-01
3.096696513960898178e-01
3.083218546988405473e-01
3.069774378272877025e-01
3.056364077826124181e-01
3.042987714529945542e-01
3.029645356139573087e-01
3.016337069286546546e-01
3.003062919481389592e-01
2.989822971115816408e-01
2.976617287466103989e-01
2.963445930695549069e-01
2.950308961857425749e-01
2.937206440898185722e-01
2.924138426659629864e-01
2.911104976882557538e-01
2.898106148209765864e-01
2.885141996187750024e-01
2.872212575272087287e-01
2.859317938828392913e-01
2.846458139136616716e-01
2.833633227393838605e-01
2.820843253717286725e-01
2.808088267147939021e-01
2.795368315653315450e-01
2.782683446131583582e-01
2.770033704413441544e-01
2.757419135267371590e-01
2.744839782400999018e-01
2.732295688465768979e-01
2.719786895060368748e-01
2.707313442733835784e-01
2.694875370988974450e-01
2.682472718285881519e-01
2.670105522046162250e-01
2.657773818655517761e-01
2.645477643468248652e-01
2.633217030809933412e-01
2.620992013982416657e-01
2.608802625266221642e-01
2.596648895924805744e-01
2.584530856208982486e-01
2.572448535359168620e-01
2.560401961610567212e-01
2.548391162196391169e-01
2.536416163351833952e-01
2.524476990317928160e-01
2.512573667345494588e-01
2.500706217699216194e-01
2.488874663660906039e-01
2.477079026534627360e-01
2.465319326650125820e-01
2.453595583366187383e-01
2.441907815076067301e-01
2.430256039210155483e-01
2.418640272241436018e-01
2.407060529688289929e-01
2.395516826119707954e-01
2.384009175158927907e-01
2.372537589487563048e-01
2.361102080850230878e-01
2.349702660058143322e-01
2.338339336993953410e-01
2.327012120615636614e-01
2.315721018961089672e-01
2.304466039152314738e-01
2.293247187399016229e-01
2.282064469004378426e-01
2.270917888368427229e-01
2.259807448992235956e-01
2.248733153483249703e-01
2.237695003558585749e-01
2.226693000050427862e-01
2.215727142909733050e-01
2.204797431211167613e-01
2.193903863157203593e-01
2.183046436082997088e-01
2.172225146460252387e-01
2.161439989902597392e-01
2.150690961169381965e-01
2.139978054170402488e-01
2.129301261970757697e-01
2.118660576794783312e-01
2.108055990031249272e-01
2.097487492237539719e-01
2.086955073144488859e-01
2.076458721660679463e-01
2.065998425877410560e-01
2.055574173073034805e-01
2.045185949717678864e-01
2.034833741477771463e-01
2.024517533221011356e-01
2.014237309020711630e-01
2.003993052160474297e-01
1.993784745138956482e-01
1.983612369674485343e-01
1.973475906709905581e-01
1.963375336416863237e-01
1.953310638200892457e-01
1.943281790705971568e-01
1.933288771819304530e-01
1.923331558675555053e-01
1.913410127662443505e-01
1.903524454424525836e-01
1.893674513868590925e-01
1.883860280167853063e-01
1.874081726767239109e-01
1.864338826387575421e-01
1.854631551030698766e-01
1.844959871983838096e-01
1.835323759824572798e-01
1.825723184425758761e-01
1.816158114959695036e-01
1.806628519903271113e-01
1.797134367042700076e-01
1.787675623478011122e-01
1.778252255627957301e-01
1.768864229234604901e-01
1.759511509368432147e-01
1.750194060432383736e-01
1.740911846167267352e-01
1.731664829656095472e-01
1.722452973328829906e-01
1.713276238967276210e-01
1.704134587709566773e-01
1.695027980055072714e-01
1.685956375869024637e-01
1.676919734387277983e-01
1.667918014220668155e-01
1.658951173360377895e-01
1.650019169182044554e-01
1.641121958450433849e-01
1.632259497324863584e-01
1.623431741362812986e-01
1.614638645525372507e-01
1.605880164181603398e-01
1.597156251113484027e-01
1.588466859519985508e-01
1.579811942022219806e-01
1.571191450668027734e-01
1.562605336936439548e-01
1.554053551742353989e-01
1.545536045441325834e-01
1.537052767833953781e-01
1.528603668170631646e-01
1.520188695155919034e-01
1.511807796953761329e-01
1.503460921191193678e-01
1.495148014963783856e-01
1.486869024839327091e-01
1.478623896863286158e-01
1.470412576562671325e-01
1.462235008951129067e-01
1.454091138532841998e-01
1.445980909307775231e-01
1.437904264775569652e-01
1.429861147940601762e-01
1.421851501316083177e-01
1.413875266928745766e-01
1.405932386323360817e-01
1.398022800566974533e-01
1.390146450253722799e-01
1.382303275509200735e-01
1.374493215994421758e-01
1.366716210911419760e-01
1.358972199006302228e-01
1.351261118574691722e-01
1.343582907465574183e-01
1.335937503086015998e-01
1.328324842405608219e-01
1.320744861960509997e-01
1.313197497858085983e-01
1.305682685781346108e-01
1.298200360993121139e-01
1.290750458340451101e-01
1.283332912259066705e-01
1.275947656777409733e-01
1.268594625521549391e-01
1.261273751718749725e-01
1.253984968202301875e-01
1.246728207415790379e-01
1.239503401417106493e-01
1.232310481882875064e-01
1.225149380112767750e-01
1.218020027033763636e-01
1.210922353204272328e-01
1.203856288818800496e-01
1.196821763711112124e-01
1.189818707359752148e-01
1.182847048891654401e-01
1.175906717086233760e-01
1.168997640379779990e-01
1.162119746869295644e-01
1.155272964317521633e-01
1.148457220156010455e-01
1.141672441490046430e-01
1.134918555102583243e-01
1.128195487458160257e-01
1.121503164707292471e-01
1.114841512690527003e-01
1.108210456942495536e-01
1.101609922696065863e-01
1.095039834886408631e-01
1.088500118154892282e-01
1.081990696853591255e-01
1.075511495049025906e-01
1.069062436526148074e-01
1.062643444792401998e-01
1.056254443082215305e-01
1.049895354360290828e-01
1.043566101326272449e-01
1.037266606418108944e-01
1.030996791816620323e-01
1.024756579449264127e-01
1.018545890994039388e-01
1.012364647883306767e-01
1.006212771308165610e-01
1.000090182222117680e-01
9.939968013449976270e-02
9.879325491668740356e-02
9.818973459520730085e-02
9.758911117430343896e-02
9.699137663641076157e-02
9.639652294257491927e-02
9.580454203278539194e-02
9.521542582641250030e-02
9.462916622255272692e-02
9.404575510045604103e-02
9.346518431987028974e-02
9.288744572143396716e-02
9.231253112706250263e-02
9.174043234032917826e-02
9.117114114683654014e-02
9.060464931458460380e-02
9.004094859438732668e-02
8.948003072018788362e-02
8.892188740948207826e-02
8.836651036367577927e-02
8.781389126843587578e-02
8.726402179408754289e-02
8.671689359598538926e-02
8.617249831486541167e-02
8.563082757719758797e-02
8.509187299559052564e-02
8.455562616913962770e-02
8.402207868377019329e-02
8.349122211263562687e-02
8.296304801643479554e-02
8.243754794381406847e-02
8.191471343170034225e-02
8.139453600565871305e-02
8.087700718026016866e-02
8.036211845942221876e-02
7.984986133677665632e-02
7.934022729597965673e-02
7.883320781114797060e-02
7.832879434710159072e-02
7.782697835978101553e-02
7.732775129657711022e-02
7.683110459666826764e-02
7.633702969135619520e-02
7.584551800443395386e-02
7.535656095248040309e-02
7.487014994525943712e-02
7.438627638599536185e-02
7.390493167173235733e-02
7.342610719368920791e-02
7.294979433756206000e-02
7.247598448386123604e-02
7.200466900823671024e-02
7.153583928181025953e-02
7.106948667150578269e-02
7.060560254036149508e-02
7.014417824784646704e-02
6.968520515021080219e-02
6.922867460074845491e-02
6.877457795016023168e-02
6.832290654686394571e-02
6.787365173728057699e-02
6.742680486617087798e-02
6.698235727690639296e-02
6.654030031184102190e-02
6.610062531254744245e-02
6.566332362015536717e-02
6.522838657564687670e-02
6.479580552015481998e-02
6.436557179525502492e-02
6.393767674326202022e-02
6.351211170752980861e-02
6.308886803272793775e-02
6.266793706514998952e-02
6.224931015298197645e-02
6.183297864656999571e-02
6.141893389876521003e-02
6.100716726513452648e-02
6.059767010428421946e-02
6.019043377809277923e-02
5.978544965204006523e-02
5.938270909542420900e-02
5.898220348166813287e-02
5.858392418857974460e-02
5.818786259859304311e-02
5.779401009903382264e-02
5.740235808242808574e-02
5.701289794670597044e-02
5.662562109547200628e-02
5.624051893825501858e-02
5.585758289076648425e-02
5.547680437517382712e-02
5.509817482027469515e-02
5.472168566183098493e-02
5.434732834271700785e-02
5.397509431323978951e-02
5.360497503134012409e-02
5.323696196279534970e-02
5.287104658152059350e-02
5.250722036973897583e-02
5.214547481824054198e-02
5.178580142658371910e-02
5.142819170332801892e-02
5.107263716628124284e-02
5.071912934266645245e-02
5.036765976934573508e-02
5.001821999309481043e-02
4.967080157072444740e-02
4.932539606932495602e-02
4.898199506650544044e-02
4.864059015055323398e-02
4.830117292061523321e-02
4.796373498698065091e-02
4.762826797117194338e-02
4.729476350621819591e-02
4.696321323678946669e-02
4.663360881943644232e-02
4.630594192272203397e-02
4.598020422746425945e-02
4.565638742683792578e-02
4.533448322662111951e-02
4.501448334538470791e-02
4.469637951455662783e-02
4.438016347872239531e-02
4.406582699571955086e-02
4.375336183682095037e-02
4.344275978689737111e-02
4.313401264458949919e-02
4.282711222246453342e-02
4.252205034713470166e-02
4.221881885948567531e-02
4.191740961477200683e-02
4.161781448279233686e-02
4.132002534801262200e-02
4.102403410975494213e-02
4.072983268229284082e-02
4.043741299502876668e-02
4.014676699261158360e-02
3.985788663508825491e-02
3.957076389804346783e-02
3.928539077270429281e-02
3.900175926610358751e-02
3.871986140118014591e-02
3.843968921693100005e-02
3.816123476853251067e-02
3.788449012743497213e-02
3.760944738152095790e-02
3.733609863520474803e-02
3.706443600954568290e-02
3.679445164239310284e-02
3.652613768843822328e-02
3.625948631938552547e-02
3.599448972404482167e-02
3.573114010844016808e-02
3.546942969587998928e-02
3.520935072711597891e-02
3.495089546042121770e-02
3.469405617167561212e-02
3.443882515450630288e-02
3.418519472032159612e-02
3.393315719848384593e-02
3.368270493633346990e-02
3.343383029933039152e-02
3.318652567112102825e-02
3.294078345363089799e-02
3.269659606716895928e-02
3.245395595048721632e-02
3.221285556087628843e-02
3.197328737426941014e-02
3.173524388530986340e-02
3.149871760740892424e-02
3.126370107286154804e-02
3.103018683292040406e-02
3.079816745785588991e-02
3.056763553703059633e-02
3.033858367899611164e-02
3.011100451154909499e-02
2.988489068181816866e-02
2.966023485630993675e-02
2.943702972100867635e-02
2.921526798144049100e-02
2.899494236270616643e-02
2.877604560960531771e-02
2.855857048665912806e-02
2.834250977818869935e-02
2.812785628838216159e-02
2.791460284135722017e-02
2.770274228123316071e-02
2.749226747215744240e-02
2.728317129840990632e-02
2.707544666443374715e-02
2.686908649490590828e-02
2.666408373480233171e-02
2.646043134944032343e-02
2.625812232453804754e-02
2.605714966627905096e-02
2.585750640134865108e-02
2.565918557702966465e-02
2.546218026120629016e-02
2.526648354244456079e-02
2.507208853005215080e-02
2.487898835410023643e-02
2.468717616550982277e-02
2.449664513607164446e-02
2.430738845852091837e-02
2.411939934656972401e-02
2.393267103497510526e-02
2.374719677955515473e-02
2.356296985727926105e-02
2.337998356628381846e-02
2.319823122591714581e-02
2.301770617681810419e-02
2.283840178092607850e-02
2.266031142155537637e-02
2.248342850341137830e-02
2.230774645267028650e-02
2.213325871698148400e-02
2.195995876553469631e-02
2.178784008913214193e-02
2.161689620016582838e-02
2.144712063270576979e-02
2.127850694253592342e-02
2.111104870718375631e-02
2.094473952596225333e-02
2.077957302004377824e-02
2.061554283242929969e-02
2.045264262806479813e-02
2.029086609382027909e-02
2.013020693858467644e-02
1.997065889324128526e-02
1.981221571076286631e-02
1.965487116620475219e-02
1.949861905678708027e-02
1.934345320187028094e-02
1.918936744304761133e-02
1.903635564415879708e-02
1.888441169132027211e-02
1.873352949295989042e-02
1.858370297986380176e-02
1.843492610519598118e-02
1.828719284453052957e-02
1.814049719589846954e-02
1.799483317980352798e-02
1.785019483926956682e-02
1.770657623985286491e-02
1.756397146967971293e-02
1.742237463949741078e-02
1.728177988264591528e-02
1.714218135514483307e-02
1.700357323571709267e-02
1.686594972575945761e-02
1.672930504942433602e-02
1.659363345364441369e-02
1.645892920810385768e-02
1.632518660533588406e-02
1.619239996068520815e-02
1.606056361236666424e-02
1.592967192146020963e-02
1.579971927196830578e-02
1.567070007079346058e-02
1.554260874780222582e-02
1.541543975579136132e-02
1.528918757053961824e-02
1.516384669084416825e-02
1.503941163848293919e-02
1.491587695827846158e-02
1.479323721807485580e-02
1.467148700875846659e-02
1.455062094431008868e-02
1.443063366175160143e-02
1.431151982120864447e-02
1.419327410590054059e-02
1.407589122212069693e-02
1.395936589932214762e-02
1.384369288999979554e-02
1.372886696982539810e-02
1.361488293757172861e-02
1.350173561512761980e-02
1.338941984752582866e-02
1.327793050290737575e-02
1.316726247253945624e-02
1.305741067082676066e-02
1.294837003526845554e-02
1.284013552649842724e-02
1.273270212825263273e-02
1.262606484736538207e-02
1.252021871375959619e-02
1.241515878044556834e-02
1.231088012350051511e-02
1.220737784208790651e-02
1.210464705835922507e-02
1.200268291756404621e-02
1.190148058789895422e-02
1.180103526062016572e-02
1.170134214991700936e-02
1.160239649295008446e-02
1.150419354981941505e-02
1.140672860353598647e-02
1.130999695997797483e-02
1.121399394792451341e-02
1.111871491894425752e-02
1.102415524743920877e-02
1.093031033057683885e-02
1.083717558825780802e-02
1.074474646312608556e-02
1.065301842045391148e-02
1.056198694819432925e-02
1.047164755687169865e-02
1.038199577959614088e-02
1.029302717197285583e-02
1.020473731210792129e-02
1.011712180057115426e-02
1.003017626026056486e-02
9.943896336474251918e-03
9.858277696800338274e-03
9.773316031067628279e-03
9.689007051309889845e-03
9.605346491715790330e-03
9.522330108557509193e-03
9.439953680172200740e-03
9.358213006875962248e-03
9.277103910895806785e-03
9.196622236353570179e-03
9.116763849187215288e-03
9.037524637069686839e-03
8.958900509361010511e-03
8.880887397066869471e-03
8.803481252742443447e-03
8.726678050445519155e-03
8.650473785638936389e-03
8.574864475174515804e-03
8.499846157187417733e-03
8.425414891017810742e-03
8.351566757163635113e-03
8.278297857211765545e-03
8.205604313729915333e-03
8.133482270213217291e-03
8.061927891016385656e-03
7.990937361262787086e-03
7.920506886767313126e-03
7.850632693968679146e-03
7.781311029827327197e-03
7.712538161766825315e-03
7.644310377577786392e-03
7.576623985357003668e-03
7.509475313379327527e-03
7.442860710060630880e-03
7.376776543845136279e-03
7.311219203134592358e-03
7.246185096184876509e-03
7.181670651049880047e-03
7.117672315442072871e-03
7.054186556700428427e-03
6.991209861650218155e-03
6.928738736571266911e-03
6.866769707036289756e-03
6.805299317885427079e-03
6.744324133108391822e-03
6.683840735742203193e-03
6.623845727800932101e-03
6.564335730155503035e-03
6.505307382479143079e-03
6.446757343138573119e-03
6.388682289066263675e-03
6.331078915724010041e-03
6.273943936974601780e-03
6.217274085011959342e-03
6.161066110217014100e-03
6.105316781157639830e-03
6.050022884395808709e-03
5.995181224432846907e-03
5.940788623649638674e-03
5.886841922168296014e-03
5.833337977768643032e-03
5.780273665811282678e-03
5.727645879121830846e-03
5.675451527926450579e-03
5.623687539728548790e-03
5.572350859250774918e-03
5.521438448312279701e-03
5.470947285739716053e-03
5.420874367324047920e-03
5.371216705649500475e-03
5.321971330076035074e-03
5.273135286614949631e-03
5.224705637830848529e-03
5.176679462808752262e-03
5.129053856979509662e-03
5.081825932106694664e-03
5.034992816163944007e-03
4.988551653269549489e-03
4.942499603588492059e-03
4.896833843245851359e-03
4.851551564234508028e-03
4.806649974381589814e-03
4.762126297198686006e-03
4.717977771847170314e-03
4.674201653040673844e-03
4.630795210982884859e-03
4.587755731258566505e-03
4.545080514784772922e-03
4.502766877701637992e-03
4.460812151356044648e-03
4.419213682165216636e-03
4.377968831569041368e-03
4.337074975968180195e-03
4.296529506615227520e-03
4.256329829605982537e-03
4.216473365750044930e-03
4.176957550526608914e-03
4.137779834031520346e-03
4.098937680891273465e-03
4.060428570194700090e-03
4.022249995455426733e-03
3.984399464523712478e-03
3.946874499532927565e-03
3.909672636832002383e-03
3.872791426953044527e-03
3.836228434523911331e-03
3.799981238227143759e-03
3.764047430721219507e-03
3.728424618620575920e-03
3.693110422413548033e-03
3.658102476435528064e-03
3.623398428784810506e-03
3.588995941307611057e-03
3.554892689504898957e-03
3.521086362554391551e-03
3.487574663170726029e-03
3.454355307650023611e-03
3.421426025760773704e-03
3.388784560736852504e-03
3.356428669207163484e-03
3.324356121182747530e-03
3.292564699992447247e-03
3.261052202255650123e-03
3.229816437850347062e-03
3.198855229847935404e-03
3.168166414507556788e-03
3.137747841221704033e-03
3.107597372501577464e-03
3.077712883900099623e-03
3.048092264027825286e-03
3.018733414496643612e-03
2.989634249899336162e-03
2.960792697753313746e-03
2.932206698503944491e-03
2.903874205470663786e-03
2.875793184833728804e-03
2.847961615599801585e-03
2.820377489583783016e-03
2.793038811365471628e-03
2.765943598258879810e-03
2.739089880321076559e-03
2.712475700308275561e-03
2.686099113638222916e-03
2.659958188391411439e-03
2.634051005257685880e-03
2.608375657533092661e-03
2.582930251110501091e-03
2.557712904418420544e-03
2.532721748444490342e-03
2.507954926677321422e-03
2.483410595093743511e-03
2.459086922142488321e-03
2.434982088744656187e-03
2.411094288214401041e-03
2.387421726297655512e-03
2.363962621118300723e-03
2.340715203168699035e-03
2.317677715295433753e-03
2.294848412641240128e-03
2.272225562667867273e-03
2.249807445118125887e-03
2.227592351983189584e-03
2.205578587519869266e-03
2.183764468156740302e-03
2.162148322540346883e-03
2.140728491486619360e-03
2.119503327942607110e-03
2.098471197002465746e-03
2.077630475827960815e-03
2.056979553671461555e-03
2.036516831848905230e-03
2.016240723656401168e-03
1.996149654438185948e-03
1.976242061466110429e-03
1.956516393975878121e-03
1.936971113110801113e-03
1.917604691914005961e-03
1.898415615265744254e-03
1.879402379869504411e-03
1.860563494247868301e-03
1.841897478654369071e-03
1.823402865092378818e-03
1.805078197257517503e-03
1.786922030498474222e-03
1.768932931787921096e-03
1.751109479696369257e-03
1.733450264338690788e-03
1.715953887340092993e-03
1.698618961793536136e-03
1.681444112245190393e-03
1.664427974593627596e-03
1.647569196105359152e-03
1.630866435350938372e-03
1.614318362139279504e-03
1.597923657519999610e-03
1.581681013668557317e-03
1.565589133901989366e-03
1.549646732581721857e-03
1.533852535081556799e-03
1.518205277744473156e-03
1.502703707822782356e-03
1.487346583399903541e-03
1.472132673371774267e-03
1.457060757365113805e-03
1.442129625677920392e-03
1.427338079234257394e-03
1.412684929513299652e-03
1.398168998477966954e-03
1.383789118541815105e-03
1.369544132466339430e-03
1.355432893323985262e-03
1.341454264402251566e-03
1.327607119177397731e-03
1.313890341188869541e-03
1.300302824010205263e-03
1.286843471163169432e-03
1.273511196058226685e-03
1.260304921880815894e-03
1.247223581555688583e-03
1.234266117656569739e-03
1.221431482312336156e-03
1.208718637153885327e-03
1.196126553205082051e-03
1.183654210845112333e-03
1.171300599658322249e-03
1.159064718420013164e-03
1.146945574969454769e-03
1.134942186126845602e-03
1.123053577631313166e-03
1.111278784021434846e-03
1.099616848567755434e-03
1.088066823195657853e-03
1.076627768331639770e-03
1.065298752904323201e-03
1.054078854173725634e-03
1.042967157686868450e-03
1.031962757159315264e-03
1.021064754394177682e-03
1.010272259171998525e-03
9.995843891801754755e-04
9.890002698877929654e-04
9.785190344821885489e-04
9.681398237336305904e-04
9.578617859282226310e-04
9.476840767681246960e-04
9.376058592359629712e-04
9.276263035602940604e-04
9.177445870586237869e-04
9.079598940721182732e-04
8.982714158511408142e-04
8.886783504661946442e-04
8.791799027065734518e-04
8.697752839551993465e-04
8.604637121436414793e-04
8.512444116078217438e-04
8.421166129825817526e-04
8.330795531520437253e-04
8.241324751071203020e-04
8.152746278570731364e-04
8.065052663436041852e-04
7.978236513302462696e-04
7.892290493023441239e-04
7.807207323924699599e-04
7.722979782405960808e-04
7.639600699640442666e-04
7.557062959899739363e-04
7.475359500008146862e-04
7.394483308409485756e-04
7.314427424251167265e-04
7.235184936058153271e-04
7.156748981333432152e-04
7.079112745482559615e-04
7.002269460828457193e-04
6.926212405656169413e-04
6.850934903609457588e-04
6.776430322526262595e-04
6.702692073845290671e-04
6.629713611462483697e-04
6.557488431381021388e-04
6.486010070304148306e-04
6.415272105117185431e-04
6.345268152308687626e-04
6.275991866629571786e-04
6.207436941112962070e-04
6.139597105581703212e-04
6.072466126201096770e-04
6.006037804982579387e-04
5.940305978701723721e-04
5.875264518401396296e-04
5.810907328751939438e-04
5.747228347566350759e-04
5.684221544357756506e-04
5.621880921091743782e-04
5.560200510255370460e-04
5.499174374938090026e-04
5.438796608332602256e-04
5.379061332854550431e-04
5.319962699843975434e-04
5.261494889118763230e-04
5.203652108115210811e-04
5.146428591903794841e-04
5.089818602469643044e-04
5.033816428289747402e-04
4.978416383963572139e-04
4.923612809907950555e-04
4.869400071761641191e-04
4.815772560450605477e-04
4.762724691352721029e-04
4.710250904421849072e-04
4.658345663755419919e-04
4.607003457206149816e-04
4.556218796280212674e-04
4.505986215872764128e-04
4.456300274230176606e-04
4.407155552593102626e-04
4.358546654876591792e-04
4.310468208042379790e-04
4.262914861468299066e-04
4.215881287296090879e-04
4.169362179792367867e-04
4.123352256034593100e-04
4.077846255287082694e-04
4.032838939277208490e-04
3.988325092008568329e-04
3.944299520076046534e-04
3.900757052437558992e-04
3.857692540589364311e-04
3.815100858891775498e-04
3.772976904211477328e-04
3.731315596509510862e-04
3.690111878549943991e-04
3.649360716406029048e-04
3.609057099716317385e-04
3.569196041484940657e-04
3.529772578630668151e-04
3.490781772218579104e-04
3.452218707211719695e-04
3.414078493857441998e-04
3.376356266690059421e-04
3.339047185690544040e-04
3.302146436276118258e-04
3.265649229713951662e-04
3.229550803517614727e-04
3.193846421633683014e-04
3.158531375020284804e-04
3.123600982037743473e-04
3.089050588581995077e-04
3.054875568981579165e-04
3.021071325692969295e-04
2.987633290702802064e-04
2.954556925271016599e-04
2.921837720399195204e-04
2.889471197678426806e-04
2.857452909554060450e-04
2.825778439825999550e-04
2.794443404304236545e-04
2.763443450828576703e-04
2.732774260360993496e-04
2.702431547434731157e-04
2.672411060121015342e-04
2.642708581053910405e-04
2.613319928087762256e-04
2.584240954434519066e-04
2.555467549354584894e-04
2.526995638702910635e-04
2.498821185459871447e-04
2.470940190513019885e-04
2.443348692714696069e-04
2.416042769892174508e-04
2.389018539207150849e-04
2.362272157475295287e-04
2.335799822327441766e-04
2.309597772038266689e-04
2.283662286574252714e-04
2.257989687848953320e-04
2.232576340452114422e-04
2.207418651845559354e-04
2.182513073535653769e-04
2.157856100743586747e-04
2.133444273477811542e-04
2.109274176998864742e-04
2.085342442273274005e-04
2.061645746052782890e-04
2.038180811946167098e-04
2.014944410694673865e-04
1.991933360231054606e-04
1.969144526869550521e-04
1.946574824991127023e-04
1.924221218080456736e-04
1.902080718603673531e-04
1.880150388717371363e-04
1.858427340798805144e-04
1.836908737243795470e-04
1.815591791543627598e-04
1.794473768007114056e-04
1.773551982476393590e-04
1.752823802460574260e-04
1.732286647431191540e-04
1.711937989132480964e-04
1.691775351831178303e-04
1.671796312700066928e-04
1.651998501717363843e-04
1.632379601999890684e-04
1.612937350434599793e-04
1.593669536924767482e-04
1.574574005422848394e-04
1.555648653539069837e-04
1.536891432844401245e-04
1.518300348891474943e-04
1.499873461209971781e-04
1.481608883676533567e-04
1.463504784031503803e-04
1.445559384170378575e-04
1.427770960329335231e-04
1.410137842401213565e-04
1.392658414751789947e-04
1.375331115350611477e-04
1.358154435813444666e-04
1.341126921793681093e-04
1.324247172109233733e-04
1.307513839148653073e-04
1.290925628309579770e-04
1.274481297872474134e-04
1.258179658847648208e-04
1.242019574422357359e-04
1.225999960115711079e-04
1.210119783114239206e-04
1.194378062001014845e-04
1.178773866420783356e-04
1.163306316838176591e-04
1.147974583805260601e-04
1.132777887765164943e-04
1.117715498710203370e-04
1.102786735402688095e-04
1.087990965027828966e-04
1.073327602802032904e-04
1.058796111280541075e-04
1.044395999621177545e-04
1.030126823628185750e-04
1.015988184203554107e-04
1.001979727723503050e-04
9.881011446946294519e-05
9.743521695137168093e-05
9.607325791825306605e-05
9.472421936405038545e-05
9.338808739428432204e-05
9.206485221780781603e-05
9.075450805306334301e-05
8.945705306013206071e-05
8.817248922688390722e-05
8.690082237033068535e-05
8.564206193565314373e-05
8.439622102150191874e-05
8.316331621866304702e-05
8.194336758282280697e-05
8.073639849899040544e-05
7.954243561182107458e-05
7.836150874989886161e-05
7.719365079311875377e-05
7.603889761880963660e-05
7.489728799469318188e-05
7.376886346922677251e-05
7.265366829709019036e-05
7.155174932725605341e-05
7.046315591436799752e-05
6.938793980752235024e-05
6.832615506758253632e-05
6.727785794339267988e-05
6.624310680250142247e-05
6.522196199386896820e-05
6.421448577108822275e-05
6.322074218672105173e-05
6.224079696935842787e-05
6.127471745703307049e-05
6.032257244212996250e-05
5.938443213807098608e-05
5.846036800895466901e-05
5.755045270796135815e-05
5.665475993153583356e-05
5.577336437979571460e-05
5.490634160162065347e-05
5.405376790794391706e-05
5.321572025717563603e-05
5.239227618912024875e-05
5.158351368909214196e-05
5.078951108974417983e-05
5.001034698934661571e-05
4.924610013244852535e-05
4.849684933279536925e-05
4.776267334216308114e-05
4.704365080168172730e-05
4.633986009886133239e-05
4.565137929097261293e-05
4.497828602843985391e-05
4.432065742800139763e-05
4.367857000806864287e-05
4.305209959043314327e-05
4.244132121634762445e-05
4.184630903896445486e-05
4.126713626366809717e-05
4.070387506206925299e-05
4.015659645996774718e-05
3.962537029355769902e-05
3.911026511240443815e-05
3.861134809149228964e-05
3.812868498555797847e-05
3.766234002872646813e-05
3.721237587240959488e-05
3.677885353052696982e-05
3.636183226841775695e-05
3.596136960231158253e-05
3.557752118262327845e-05
3.521034073519606344e-05
3.485988005769158349e-05
3.452618890047685907e-05
3.420931492520949690e-05
3.390930370670425242e-05
3.362619859444658521e-05
3.336004073477803755e-05
3.311086902059792725e-05
3.287872000221417346e-05
3.266362791083839145e-05
3.246562456506695005e-05
3.228473938000561705e-05
3.212099931575347622e-05
3.197442885289648873e-05
3.184504995924590520e-05
3.173288207627099344e-05
3.163794209863797502e-05
3.156024434375001575e-05
3.149980057102867714e-05
3.145661989483600207e-05
3.143070888044462163e-05
