9.873468449078659503e-10
9.881443475967532919e-10
9.905365668319565664e-10
9.945248331463818481e-10
1.000107871518274294e-09
1.007291752612438085e-09
1.016073745974122033e-09
1.026461264944100726e-09
1.038460182428702083e-09
1.052074029457561455e-09
1.067304337791508129e-09
1.084161149744744534e-09
1.102643499943656291e-09
1.122763999827913750e-09
1.144529675894956355e-09
1.167948909461258289e-09
1.193034556562500015e-09
1.219785221613645110e-09
1.248218493843378241e-09
1.278348875539958573e-09
1.310176463847900763e-09
1.343724262935219738e-09
1.378999407719572190e-09
1.416019287936443050e-09
1.454796404003200205e-09
1.495341419265050487e-09
1.537675322141329737e-09
1.581814860519836774e-09
1.627774936542591977e-09
1.675575392844075306e-09
1.725234801373820570e-09
1.776769683638212971e-09
1.830204830570447694e-09
1.885560530628938025e-09
1.942858964855409543e-09
2.002121510247256708e-09
2.063372699263876786e-09
2.126639828646526009e-09
2.191946026595947838e-09
2.259319026136352715e-09
2.328789251715424058e-09
2.400384161403701366e-09
2.474130400553775644e-09
2.550059949660288261e-09
2.628206269804367334e-09
2.708599506143216651e-09
2.791278565054955418e-09
2.876275952655438228e-09
2.963628619422065125e-09
3.053375626123344677e-09
3.145550896144211350e-09
3.240196238922521399e-09
3.337359186748878326e-09
3.437071802517288610e-09
3.539384835563041953e-09
3.644345508528601396e-09
3.751995525033691159e-09
3.862386417641250347e-09
3.975562799969634131e-09
4.091580522308513324e-09
4.210489423263352737e-09
4.332346596053193721e-09
4.457203890695371484e-09
4.585122100574101633e-09
4.716158821110871813e-09
4.850372317330431393e-09
4.987826125214811501e-09
5.128589037825537211e-09
5.272719490190258540e-09
5.420290610444467028e-09
5.571370353778248852e-09
5.726030971424378446e-09
5.884343907969213916e-09
6.046385767066730921e-09
6.212234571374708469e-09
6.381972153003678816e-09
6.555675884957479216e-09
6.733433184288872830e-09
6.915326702765234312e-09
7.101453852048633664e-09
7.291894227323680866e-09
7.486752530427853713e-09
7.686114008274846920e-09
7.890082846621904178e-09
8.098760276124827850e-09
8.312246961052205396e-09
8.530647147876602165e-09
8.754075261560578802e-09
8.982639376244050400e-09
9.216458899015400608e-09
9.455646451592136792e-09
9.700323403034893932e-09
9.950611929050723337e-09
1.020664298825163518e-08
1.046853929584368181e-08
1.073644142080693031e-08
1.101048153952927100e-08
1.129079903617463687e-08
1.157753573739761510e-08
1.187083813105477281e-08
1.217086193720101628e-08
1.247775680782853280e-08
1.279167949515269687e-08
1.311279424712902264e-08
1.344126102087450647e-08
1.377725203886848160e-08
1.412094137540759187e-08
1.447250576411956979e-08
1.483212444964437937e-08
1.519998944331940605e-08
1.557628162562885166e-08
1.596120193132766207e-08
1.635494797577741188e-08
1.675772508258344118e-08
1.716973732981963430e-08
1.759120339586001114e-08
1.802234350905401739e-08
1.846337420192273315e-08
1.891452943315191648e-08
1.937604503753076468e-08
1.984815032555348191e-08
2.033110307365915137e-08
2.082514930466794478e-08
2.133054611153789581e-08
2.184754640567609929e-08
2.237642861453725818e-08
2.291746750097273244e-08
2.347093244932374478e-08
2.403712312960132325e-08
2.461632314220557616e-08
2.520884163047243387e-08
2.581497257538728496e-08
2.643503707600025621e-08
2.706935863482085036e-08
2.771826283515937961e-08
2.838207377193341374e-08
2.906114678069560142e-08
2.975582723274694530e-08
3.046647161462912035e-08
3.119344370132448585e-08
3.193712250128960539e-08
3.269788561872238875e-08
3.347612332997573770e-08
3.427223345051078063e-08
3.508662868231815501e-08
3.591971807492821966e-08
3.677192771372322921e-08
3.764369971639980328e-08
3.853547048213862292e-08
3.944769579478785149e-08
4.038083904929490320e-08
4.133537013020771589e-08
4.231177954186482459e-08
4.331055987374238248e-08
4.433221350262639415e-08
4.537725675161224936e-08
4.644621474664961669e-08
4.753962982821657857e-08
4.865804906044324252e-08
4.980203445643927029e-08
5.097215717217440378e-08
5.216900590254008874e-08
5.339317370872675994e-08
5.464527471667202096e-08
5.592593926590644360e-08
5.723579259847566547e-08
5.857549066363293422e-08
5.994569702086338658e-08
6.134709528045345639e-08
6.278036896508604192e-08
6.424622981011929301e-08
6.574540464300560050e-08
6.727862218117858228e-08
6.884664210168173204e-08
7.045023150444029714e-08
7.209017365700232105e-08
7.376727374081015753e-08
7.548234427084965503e-08
7.723622438750993302e-08
7.902977025575630421e-08
8.086384563777554435e-08
8.273934391615778150e-08
8.465717330190941636e-08
8.661825580836418625e-08
8.862353970129355218e-08
9.067398981828234117e-08
9.277059284749228363e-08
9.491435500746936427e-08
9.710629878933313419e-08
9.934747844438790443e-08
1.016389563780056848e-07
1.039818287099092409e-07
1.063772119185360521e-07
1.088262370834910953e-07
1.113300742991776837e-07
1.138898963722392854e-07
1.165069259999665374e-07
1.191823915530632050e-07
1.219175458479562768e-07
1.247136780808261181e-07
1.275721070248883593e-07
1.304941645054180643e-07
1.334812155268788603e-07
1.365346626652427786e-07
1.396559180357262453e-07
1.428464385987496255e-07
1.461077059426024727e-07
1.494412340090345293e-07
1.528485563031395378e-07
1.563312584107467984e-07
1.598909330083678193e-07
1.635292346813255193e-07
1.672478210715255820e-07
1.710484052079921935e-07
1.749327215722074058e-07
1.789025556343804002e-07
1.829597119310660824e-07
1.871060415874203908e-07
1.913434296910154764e-07
1.956738015463851954e-07
2.000991130386362005e-07
2.046213777072772300e-07
2.092426308322389850e-07
2.139649551910483005e-07
2.187904785842451072e-07
2.237213787082206751e-07
2.287598529996520691e-07
2.339081670733184071e-07
2.391686228838535433e-07
2.445435651685090583e-07
2.500353877554761794e-07
2.556465351797806984e-07
2.613795064580412553e-07
2.672368305620814732e-07
2.732211103854964573e-07
2.793349853733723132e-07
2.855811548066120031e-07
2.919623659199468979e-07
2.984814273130839690e-07
3.051411968926429075e-07
3.119445958843850009e-07
3.188946001986270318e-07
3.259942415682198780e-07
3.332466159567532005e-07
3.406548816442880878e-07
3.482222568264997653e-07
3.559520212886857493e-07
3.638475247497857668e-07
3.719121765164909443e-07
3.801494598875201913e-07
3.885629268774587475e-07
3.971561940065843066e-07
4.059329471173267478e-07
4.148969508207048240e-07
4.240520468058381343e-07
4.334021374702290430e-07
4.429512153163867039e-07
4.527033472308955586e-07
4.626626859665500247e-07
4.728334446306436956e-07
4.832199359218122825e-07
4.938265554801576918e-07
5.046577877124494571e-07
5.157181874214031292e-07
5.270124158601730002e-07
5.385452180256891652e-07
5.503214292388973472e-07
5.623459756885947070e-07
5.746238980349448189e-07
5.871603077547277172e-07
5.999604351610877961e-07
6.130295952520327385e-07
6.263732278757871974e-07
6.399968518742450707e-07
6.539061135337961850e-07
6.681067545120239481e-07
6.826046386903573959e-07
6.974057266176912628e-07
7.125161052023466779e-07
7.279419802393161110e-07
7.436896644571512616e-07
7.597656046403646057e-07
7.761763626073191202e-07
7.929286227389281683e-07
8.100292070833264857e-07
8.274850619958973308e-07
8.453032662196144353e-07
8.634910279984621406e-07
8.820557085105137918e-07
9.010047907821207291e-07
9.203459095446717142e-07
9.400868412070238767e-07
9.602355156234330946e-07
9.807999963714827962e-07
1.001788524563392707e-06
1.023209471473322807e-06
1.045071380061882854e-06
1.067382958965315543e-06
1.090153067164877781e-06
1.113390735644429613e-06
1.137105162289479832e-06
1.161305736387986676e-06
1.186001994221436845e-06
1.211203670575724395e-06
1.236920675288990384e-06
1.263163106658433260e-06
1.289941250099801290e-06
1.317265576260013421e-06
1.345146761032398747e-06
1.373595678349354143e-06
1.402623396633100039e-06
1.432241195411295548e-06
1.462460562030604844e-06
1.493293202069374825e-06
1.524751028803093128e-06
1.556846180373813726e-06
1.589591017970432008e-06
1.622998137803047247e-06
1.657080361128302620e-06
1.691850743259105255e-06
1.727322590633437877e-06
1.763509441385455873e-06
1.800425091332078648e-06
1.838083586141146808e-06
1.876499232994835453e-06
1.915686590458869076e-06
1.955660498903933481e-06
1.996436063240406705e-06
2.038028646882388689e-06
2.080453927444901596e-06
2.123727835858131574e-06
2.167866617304795018e-06
2.212886795876882473e-06
2.258805207518057440e-06
2.305638979159269769e-06
2.353405566994995479e-06
2.402122721770552638e-06
2.451808537182187386e-06
2.502481419617424985e-06
2.554160106790336754e-06
2.606863684397921210e-06
2.660611574760267384e-06
2.715423554209856621e-06
2.771319740344380805e-06
2.828320631661704332e-06
2.886447081892028199e-06
2.945720325775447179e-06
3.006161966044151174e-06
3.067794008225314950e-06
3.130638834203912368e-06
3.194719239452917942e-06
3.260058408632252741e-06
3.326679962464482165e-06
3.394607920440863291e-06
3.463866734817588194e-06
3.534481297941521188e-06
3.606476940179372676e-06
3.679879435884714223e-06
3.754715012569027899e-06
3.831010372276535264e-06
3.908792688281283872e-06
3.988089594609417476e-06
4.068929228747200644e-06
4.151340222278282477e-06
4.235351702807938629e-06
4.320993313273579356e-06
4.408295207298726370e-06
4.497288085095283577e-06
4.588003166320752529e-06
4.680472223259589393e-06
4.774727584792685942e-06
4.870802142929904488e-06
4.968729347842263527e-06
5.068543258623849773e-06
5.170278501260335696e-06
5.273970320737036976e-06
5.379654557099294854e-06
5.487367683054775874e-06
5.597146797551959263e-06
5.709029640710034520e-06
5.823054607895748747e-06
5.939260750993224230e-06
6.057687792111309671e-06
6.178376148429590847e-06
6.301366920421352935e-06
6.426701918042700828e-06
6.554423669630389526e-06
6.684575425710409524e-06
6.817201187019408803e-06
6.952345689782962052e-06
7.090054455890712481e-06
7.230373765555395127e-06
7.373350694137546790e-06
7.519033114382865646e-06
7.667469718093677944e-06
7.818710020851722675e-06
7.972804368902401684e-06
8.129803975315090525e-06
8.289760911264851956e-06
8.452728127989264650e-06
8.618759474473495358e-06
8.787909697160600081e-06
8.960234482358140490e-06
9.135790431590799093e-06
9.314635108397147090e-06
9.496827047529316640e-06
9.682425754472048784e-06
9.871491730634347761e-06
1.006408650114538894e-05
1.026027260505246383e-05
1.046011362855351137e-05
1.066367422264185780e-05
1.087102010549709924e-05
1.108221809696403187e-05
1.129733612590180791e-05
1.151644323303235157e-05
1.173960962170660788e-05
1.196690664564308351e-05
1.219840684435046646e-05
1.243418394839121074e-05
1.267431290444568856e-05
1.291886990608011321e-05
1.316793237621021948e-05
1.342157903375671216e-05
1.367988987488423167e-05
1.394294621465206468e-05
1.421083069389926165e-05
1.448362730517658431e-05
1.476142141711806952e-05
1.504429978792633585e-05
1.533235058942972878e-05
1.562566343540081407e-05
1.592432937820662670e-05
1.622844097186326717e-05
1.653809225116284129e-05
1.685337878448147850e-05
1.717439768743767720e-05
1.750124763620327165e-05
1.783402890573500266e-05
1.817284339210604657e-05
1.851779461861961448e-05
1.886898778279393757e-05
1.922652976833272645e-05
1.959052917847609737e-05
1.996109634503761415e-05
2.033834337738810866e-05
2.072238417056898249e-05
2.111333444229038930e-05
2.151131174632026424e-05
2.191643551503709084e-05
2.232882707577056244e-05
2.274860969145352588e-05
2.317590856844124747e-05
2.361085091328197355e-05
2.405356592608985308e-05
2.450418486383328792e-05
2.496284104978960944e-05
2.542966990962038792e-05
2.590480900293906305e-05
2.638839804698731722e-05
2.688057896226047142e-05
2.738149589392177910e-05
2.789129523744510869e-05
2.841012568683765407e-05
2.893813826237339251e-05
2.947548633700251483e-05
3.002232566889006735e-05
3.057881445335834322e-05
3.114511333841092286e-05
3.172138546604901660e-05
3.230779651521541174e-05
3.290451473094519949e-05
3.351171094410909657e-05
3.412955865347887599e-05
3.475823401223902473e-05
3.539791589818623227e-05
3.604878593828440142e-05
3.671102855639686580e-05
3.738483100860709452e-05
3.807038341555393779e-05
3.876787881351706488e-05
3.947751318987948246e-05
4.019948552485283835e-05
4.093399783403018841e-05
4.168125521600545696e-05
4.244146587559401163e-05
4.321484119323938319e-05
4.400159576683874973e-05
4.480194741394213226e-05
4.561611727695209784e-05
4.644432983499143658e-05
4.728681294664327864e-05
4.814379791356860824e-05
4.901551951724944164e-05
4.990221606930144577e-05
5.080412945962162197e-05
5.172150520739351304e-05
5.265459249755629484e-05
5.360364426234415225e-05
5.456891719404126720e-05
5.555067181441239108e-05
5.654917253577508574e-05
5.756468770292365311e-05
5.859748963191711846e-05
5.964785469583528538e-05
6.071606335379805749e-05
6.180240021832041422e-05
6.290715410464144119e-05
6.403061808332157975e-05
6.517308956022552224e-05
6.633487030443911692e-05
6.751626651970875012e-05
6.871758891173213729e-05
6.993915272695975030e-05
7.118127783562215247e-05
7.244428877799160421e-05
7.372851483440894665e-05
7.503429008625175922e-05
7.636195346897222888e-05
7.771184884735682710e-05
7.908432508428944741e-05
8.047973608777325358e-05
8.189844089735980742e-05
8.334080373377300219e-05
8.480719408770522050e-05
8.629798675675306660e-05
8.781356194681845875e-05
8.935430532935190184e-05
9.092060810310560737e-05
9.251286707298231327e-05
9.413148473209030642e-05
9.577686932524817967e-05
9.744943491549673195e-05
9.914960146446653855e-05
1.008777949244349555e-04
1.026344472881291631e-04
1.044199966870711094e-04
1.062348874602192170e-04
1.080795702267565127e-04
1.099545019760889489e-04
1.118601461456924205e-04
1.137969727087917611e-04
1.157654582414329586e-04
1.177660860181709360e-04
1.197993460910619194e-04
1.218657353843212270e-04
1.239657577583709938e-04
1.260999241274453168e-04
1.282687525195054350e-04
1.304727681768736401e-04
1.327125036486779923e-04
1.349884988823529114e-04
1.373013013010455745e-04
1.396514659196324872e-04
1.420395554075268817e-04
1.444661402183874607e-04
1.469317986620695231e-04
1.494371169998643181e-04
1.519826895670975918e-04
1.545691188254245604e-04
1.571970155181015398e-04
1.598669987282691843e-04
1.625796960006303284e-04
1.653357434321586772e-04
1.681357857942510949e-04
1.709804766096968513e-04
1.738704782933320377e-04
1.768064622232178723e-04
1.797891088720984798e-04
1.828191079058403765e-04
1.858971583039970531e-04
1.890239684524831071e-04
1.922002562808671974e-04
1.954267493465753052e-04
1.987041849834153724e-04
2.020333103828050782e-04
2.054148827307980801e-04
2.088496693208323658e-04
2.123384476826616248e-04
2.158820056786618907e-04
2.194811416513686893e-04
2.231366645188651455e-04
2.268493939366891463e-04
2.306201603854687518e-04
2.344498053076765186e-04
2.383391812475976149e-04
2.422891519699389359e-04
2.463005925866185251e-04
2.503743896944024376e-04
2.545114415002159604e-04
2.587126579658694230e-04
2.629789609291510039e-04
2.673112842381218657e-04
2.717105739182608826e-04
2.761777882681702018e-04
2.807138980318027097e-04
2.853198865136502733e-04
2.899967497462367129e-04
2.947454966215927105e-04
2.995671490340085907e-04
3.044627420208658938e-04
3.094333239302444073e-04
3.144799565468847733e-04
3.196037152676082811e-04
3.248056892245897859e-04
3.300869814483464726e-04
3.354487090420968636e-04
3.408920033012563782e-04
3.464180099027503075e-04
3.520278890440894145e-04
3.577228156082135502e-04
3.635039793348684555e-04
3.693725849545949347e-04
3.753298523880613767e-04
3.813770168878802182e-04
3.875153292108267367e-04
3.937460557858053854e-04
4.000704788899686788e-04
4.064898968097814969e-04
4.130056240150470261e-04
4.196189913457124086e-04
4.263313461667288078e-04
4.331440525572145470e-04
4.400584914875068417e-04
4.470760609986735874e-04
4.541981763723965636e-04
4.614262703440262688e-04
4.687617932454110278e-04
4.762062132244756878e-04
4.837610164112435447e-04
4.914277071220102613e-04
4.992078080318833669e-04
5.071028603859837561e-04
5.151144241706728712e-04
5.232440783362302637e-04
5.314934209707845598e-04
5.398640694927393964e-04
5.483576608756315311e-04
5.569758518318881479e-04
5.657203190157884202e-04
5.745927592291243027e-04
5.835948896299504324e-04
5.927284479355122981e-04
6.019951926293212654e-04
6.113969031762756835e-04
6.209353802444140570e-04
6.306124458775386795e-04
6.404299437645650638e-04
6.503897394243686545e-04
6.604937204115720380e-04
6.707437965810961276e-04
6.811419002663576805e-04
6.916899865182755958e-04
7.023900333328477689e-04
7.132440418766386892e-04
7.242540367022496598e-04
7.354220660031119457e-04
7.467502018007612322e-04
7.582405402375030391e-04
7.698952017550345951e-04
7.817163313567150780e-04
7.937060988413692595e-04
8.058666990571001013e-04
8.182003521047598923e-04
8.307093036050419363e-04
8.433958249541954888e-04
8.562622135412781884e-04
8.693107930063139182e-04
8.825439135058854752e-04
8.959639519326724998e-04
9.095733121916959978e-04
9.233744254391171215e-04
9.373697503624008661e-04
9.515617733879576986e-04
9.659530089978236173e-04
9.805459999456145759e-04
9.953433175396229470e-04
1.010347561909910293e-03
1.025561362247030687e-03
1.040987377096209889e-03
1.056628294619026218e-03
1.072486832862066088e-03
1.088565740004496588e-03
1.104867794676957313e-03
1.121395806205985942e-03
1.138152614887872737e-03
1.155141092274554904e-03
1.172364141471678514e-03
1.189824697371569913e-03
1.207525727001958291e-03
1.225470229742117029e-03
1.243661237656410248e-03
1.262101815761697624e-03
1.280795062320466650e-03
1.299744109132835827e-03
1.318952121827933997e-03
1.338422300154607034e-03
1.358157878281569027e-03
1.378162125087797592e-03
1.398438344472551073e-03
1.418989875629180549e-03
1.439820093400435031e-03
1.460932408500466165e-03
1.482330267902089204e-03
1.504017155083460901e-03
1.525996590371549990e-03
1.548272131233082837e-03
1.570847372571995606e-03
1.593725947090655079e-03
1.616911525538697802e-03
1.640407817080508264e-03
1.664218569587588110e-03
1.688347569956067350e-03
1.712798644433074146e-03
1.737575658928960758e-03
1.762682519348423432e-03
1.788123171910536774e-03
1.813901603472003413e-03
1.840021841851211199e-03
1.866487956162588783e-03
1.893304057139239905e-03
1.920474297468533886e-03
1.948002872119460310e-03
1.975894018669492776e-03
2.004152017654157580e-03
2.032781192893904840e-03
2.061785911830730719e-03
2.091170585859098482e-03
2.120939670683642808e-03
2.151097666637201856e-03
2.181649119046660031e-03
2.212598618543227570e-03
2.243950801439974913e-03
2.275710350069020879e-03
2.307881993106874422e-03
2.340470505938508847e-03
2.373480711009625169e-03
2.406917478169173265e-03
2.440785725017148751e-03
2.475090417265016912e-03
2.509836569081741464e-03
2.545029243438230813e-03
2.580673552498741544e-03
2.616774657924441153e-03
2.653337771271456827e-03
2.690368154330019090e-03
2.727871119484131558e-03
2.765852030069132148e-03
2.804316300747212564e-03
2.843269397843761238e-03
2.882716839733785990e-03
2.922664197178911818e-03
2.963117093718059276e-03
3.004081206008110769e-03
3.045562264202598523e-03
3.087566052317263290e-03
3.130098408580254260e-03
3.173165225811263278e-03
3.216772451806677261e-03
3.260926089667251417e-03
3.305632198195056909e-03
3.350896892258322692e-03
3.396726343150245284e-03
3.443126778974720144e-03
3.490104485004791052e-03
3.537665804054503267e-03
3.585817136853381316e-03
3.634564942420405453e-03
3.683915738419226218e-03
3.733876101560967223e-03
3.784452667944849819e-03
3.835652133450146058e-03
3.887481254101586049e-03
3.939946846437700038e-03
3.993055787891885977e-03
4.046815017171810462e-03
4.101231534607244211e-03
4.156312402544055928e-03
4.212064745720935262e-03
4.268495751615080692e-03
4.325612670852110354e-03
4.383422817540325901e-03
4.441933569669538444e-03
4.501152369478898449e-03
4.561086723824083790e-03
4.621744204544604891e-03
4.683132448838903117e-03
4.745259159643393926e-03
4.808132105993150572e-03
4.871759123386617575e-03
4.936148114173734280e-03
5.001307047902987975e-03
5.067243961710173224e-03
5.133966960665405956e-03
5.201484218159578218e-03
5.269803976252712338e-03
5.338934546054308582e-03
5.408884308066965255e-03
5.479661712586902933e-03
5.551275280024445952e-03
5.623733601288781470e-03
5.697045338147665658e-03
5.771219223587969495e-03
5.846264062159747289e-03
5.922188730349581265e-03
5.999002176927766515e-03
6.076713423311245511e-03
6.155331563909117315e-03
6.234865766467914336e-03
6.315325272456847987e-03
6.396719397361045473e-03
6.479057531084657026e-03
6.562349138259154432e-03
6.646603758606202221e-03
6.731831007272438480e-03
6.818040575171689828e-03
6.905242229333151231e-03
6.993445813231320002e-03
7.082661247101905422e-03
7.172898528322513810e-03
7.264167731694240980e-03
7.356479009808828198e-03
7.449842593341694276e-03
7.544268791416833785e-03
7.639767991892485247e-03
7.736350661696822680e-03
7.834027347153492069e-03
7.932808674285403081e-03
8.032705349130853795e-03
8.133728158055297808e-03
8.235887968061510189e-03
8.339195727079954171e-03
8.443662464295951728e-03
8.549299290436112447e-03
8.656117398057777343e-03
8.764128061847974160e-03
8.873342638921503586e-03
8.983772569104112038e-03
9.095429375204917843e-03
9.208324663316452482e-03
9.322470123078158144e-03
9.437877527964069063e-03
9.554558735539070077e-03
9.672525687736008293e-03
9.791790411119685039e-03
9.912365017138791493e-03
1.003426170238956756e-02
1.015749274887532173e-02
1.028207052423528445e-02
1.040800748200791659e-02
1.053531616186337456e-02
1.066400918984537934e-02
1.079409927859628984e-02
1.092559922759638730e-02
1.105852192338404628e-02
1.119288033976505344e-02
1.132868753804371076e-02
1.146595666722455449e-02
1.160470096423139863e-02
1.174493375407208856e-02
1.188666845009915540e-02
1.202991855413560948e-02
1.217469765670622581e-02
1.232101943720530050e-02
1.246889766406708566e-02
1.261834619495205874e-02
1.276937897689477998e-02
1.292201004650223202e-02
1.307625353005680696e-02
1.323212364370761687e-02
1.338963469361229008e-02
1.354880107604747655e-02
1.370963727758774640e-02
1.387215787519050642e-02
1.403637753634254942e-02
1.420231101918228468e-02
1.436997317258105131e-02
1.453937893627641441e-02
1.471054334095861504e-02
1.488348150835959449e-02
1.505820865135073898e-02
1.523474007400179263e-02
1.541309117167446834e-02
1.559327743107347466e-02
1.577531443032403891e-02
1.595921783899625565e-02
1.614500341817372286e-02
1.633268702048462986e-02
1.652228459014178433e-02
1.671381216294700461e-02
1.690728586634043795e-02
1.710272191936552943e-02
1.730013663272708668e-02
1.749954640874233289e-02
1.770096774134471626e-02
1.790441721607417824e-02
1.810991151003052066e-02
1.831746739185551379e-02
1.852710172167854052e-02
1.873883145106930090e-02
1.895267362297692326e-02
1.916864537168188123e-02
1.938676392267984702e-02
1.960704659263829905e-02
1.982951078928579108e-02
2.005417401131220911e-02
2.028105384826030602e-02
2.051016798041600461e-02
2.074153417867675986e-02
2.097517030440576233e-02
2.121109430931182940e-02
2.144932423526949364e-02
2.168987821417923956e-02
2.193277446777748899e-02
2.217803130747186477e-02
2.242566713414937199e-02
2.267570043795923140e-02
2.292814979813100756e-02
2.318303388273910276e-02
2.344037144847115062e-02
2.370018134040643293e-02
2.396248249175895670e-02
2.422729392361258963e-02
2.449463474467587082e-02
2.476452415097464554e-02
2.503698142557879772e-02
2.531202593832669948e-02
2.558967714546734468e-02
2.586995458938495113e-02
2.615287789825446185e-02
2.643846678569058278e-02
2.672674105041252662e-02
2.701772057588061951e-02
2.731142532991497757e-02
2.760787536431705269e-02
2.790709081448143614e-02
2.820909189898657132e-02
2.851389891916793207e-02
2.882153225870850641e-02
2.913201238317819283e-02
2.944535983961013570e-02
2.976159525601117239e-02
3.008073934090931337e-02
3.040281288285801714e-02
3.072783674994720993e-02
3.105583188927308128e-02
3.138681932644057232e-02
3.172082016503497554e-02
3.205785558605036417e-02
3.239794684735193553e-02
3.274111528310216790e-02
3.308738230318506585e-02
3.343676939260700753e-02
3.378929811088900170e-02
3.414499009145197800e-02
3.450386704098561130e-02
3.486595073880415646e-02
3.523126303618857869e-02
3.559982585572325081e-02
3.597166119060430517e-02
3.634679110395538926e-02
3.672523772810983023e-02
3.710702326390308281e-02
3.749216997992191325e-02
3.788070021177524643e-02
3.827263636131807145e-02
3.866800089588698364e-02
3.906681634751354992e-02
3.946910531212581563e-02
3.987489044871982136e-02
4.028419447855637048e-02
4.069704018429710218e-02
4.111345040916079829e-02
4.153344805606704743e-02
4.195705608672544579e-02
4.238429752077382817e-02
4.281519543483092161e-02
4.324977296161482826e-02
4.368805328896479406e-02
4.413005965892585064e-02
4.457581536675523509e-02
4.502534375996077726e-02
4.547866823729790342e-02
4.593581224775914601e-02
4.639679928957378408e-02
4.686165290913671400e-02
4.733039669998282545e-02
4.780305430170922465e-02
4.827964939891661589e-02
4.876020572007566667e-02
4.924474703646167240e-02
4.973329716100531595e-02
5.022587994716051774e-02
5.072251928775722146e-02
5.122323911382600098e-02
5.172806339342390924e-02
5.223701613042543157e-02
5.275012136333836338e-02
5.326740316405666198e-02
5.378888563661346489e-02
5.431459291594405853e-02
5.484454916661274382e-02
5.537877858152242400e-02
5.591730538060213362e-02
5.646015380952459223e-02
5.700734813835525022e-02
5.755891266019963481e-02
5.811487168986857049e-02
5.867524956248048457e-02
5.924007063208457102e-02
5.980935927026295729e-02
6.038313986469294459e-02
6.096143681772865641e-02
6.154427454493547472e-02
6.213167747365896249e-02
6.272367004149093095e-02
6.332027669484951993e-02
6.392152188738646490e-02
6.452743007853860291e-02
6.513802573193480661e-02
6.575333331387964164e-02
6.637337729175035728e-02
6.699818213244844445e-02
6.762777230077796076e-02
6.826217225783162701e-02
6.890140645937316288e-02
6.954549935420360762e-02
7.019447538246617602e-02
7.084835897401381422e-02
7.150717454669250350e-02
7.217094650466171490e-02
7.283969923666744339e-02
7.351345711430536112e-02
7.419224449027148061e-02
7.487608569662117242e-02
7.556500504297922194e-02
7.625902681473456513e-02
7.695817527128172297e-02
7.766247464414892387e-02
7.837194913518441552e-02
7.908662291474337358e-02
7.980652011975226945e-02
8.053166485190048351e-02
8.126208117571567802e-02
8.199779311666438586e-02
8.273882465924618790e-02
8.348519974502842389e-02
8.423694227073122431e-02
8.499407608625415833e-02
8.575662499270218786e-02
8.652461274039682793e-02
8.729806302686098085e-02
8.807699949484427970e-02
8.886144573022942972e-02
8.965142526004771240e-02
9.044696155038373098e-02
9.124807800433400173e-02
9.205479795989812697e-02
9.286714468789747379e-02
9.368514138987070472e-02
9.450881119593140811e-02
9.533817716263305597e-02
9.617326227087298618e-02
9.701408942365410959e-02
9.786068144395443369e-02
9.871306107254713968e-02
9.957125096576774359e-02
1.004352736933517842e-01
1.013051517361670123e-01
1.021809074840060866e-01
1.030625632333088820e-01
1.039501411849625689e-01
1.048436634419698393e-01
1.057431520071841352e-01
1.066486287810349265e-01
1.075601155592237901e-01
1.084776340303630210e-01
1.094012057737094035e-01
1.103308522567763433e-01
1.112665948330174986e-01
1.122084547394543719e-01
1.131564530942894692e-01
1.141106108945831032e-01
1.150709490137650226e-01
1.160374881993409407e-01
1.170102490704030135e-01
1.179892521152500345e-01
1.189745176889340506e-01
1.199660660108239074e-01
1.209639171621846171e-01
1.219680910836731663e-01
1.229786075729127487e-01
1.239954862819712955e-01
1.250187467149329323e-01
1.260484082253456040e-01
1.270844900137528266e-01
1.281270111251987254e-01
1.291759904466552866e-01
1.302314467045566637e-01
1.312933984622160211e-01
1.323618641173196775e-01
1.334368618993707900e-01
1.345184098671107775e-01
1.356065259059777706e-01
1.367012277255461872e-01
1.378025328569300878e-01
1.389104586502141470e-01
1.400250222718624482e-01
1.411462407021139287e-01
1.422741307324141558e-01
1.434087089627556766e-01
1.445499917991336369e-01
1.456979954508880182e-01
1.468527359280905609e-01
1.480142290389168114e-01
1.491824903870495322e-01
1.503575353689645677e-01
1.515393791714217953e-01
1.527280367686900953e-01
1.539235229199984734e-01
1.551258521668263390e-01
1.563350388303104688e-01
1.575510970085323148e-01
1.587740405738986837e-01
1.600038831704803099e-01
1.612406382113486525e-01
1.624843188758998969e-01
1.637349381072028265e-01
1.649925086093458060e-01
1.662570428447294191e-01
1.675285530314617188e-01
1.688070511406304375e-01
1.700925488936654850e-01
1.713850577596599534e-01
1.726845889527289790e-01
1.739911534292891415e-01
1.753047618854516043e-01
1.766254247543079248e-01
1.779531522033055702e-01
1.792879541315290093e-01
1.806298401671067033e-01
1.819788196645022726e-01
1.833349017018844340e-01
1.846980950784589404e-01
1.860684083118070986e-01
1.874458496352787440e-01
1.888304269952904291e-01
1.902221480487288896e-01
1.916210201602892571e-01
1.930270503998751941e-01
1.944402455399194540e-01
1.958606120527989769e-01
1.972881561082119040e-01
1.987228835705556196e-01
2.001647999963119817e-01
2.016139106314885909e-01
2.030702204089647744e-01
2.045337339459411541e-01
2.060044555413564071e-01
2.074823891733115211e-01
2.089675384964901905e-01
2.104599068396250938e-01
2.119594972029168745e-01
2.134663122555181258e-01
2.149803543330038313e-01
2.165016254348357261e-01
2.180301272218263808e-01
2.195658610136867750e-01
2.211088277864859397e-01
2.226590281701991969e-01
2.242164624461982503e-01
2.257811305448409467e-01
2.273530320429625051e-01
2.289321661614880099e-01
2.305185317629682151e-01
2.321121273491703607e-01
2.337129510587007963e-01
2.353210006646010988e-01
2.369362735719275359e-01
2.385587668154970087e-01
2.401884770573989580e-01
2.418254005847936539e-01
2.434695333074803625e-01
2.451208707556790933e-01
2.467794080776780918e-01
2.484451400376042063e-01
2.501180610131201187e-01
2.517981649932506394e-01
2.534854455760492398e-01
2.551798959664982047e-01
2.568815089742622626e-01
2.585902770115146021e-01
2.603061920907829285e-01
2.620292458228173360e-01
2.637594294144734453e-01
2.654967336665919331e-01
2.672411489719484501e-01
2.689926653131565204e-01
2.707512722606459921e-01
2.725169589706148421e-01
2.742897141830685781e-01
2.760695262198096245e-01
2.778563829824645670e-01
2.796502719505838397e-01
2.814511801796931167e-01
2.832590942993869487e-01
2.850740005115296460e-01
2.868958845882745856e-01
2.887247318703860532e-01
2.905605272653050131e-01
2.924032552454712830e-01
2.942528998464934986e-01
2.961094446654573553e-01
2.979728728591979903e-01
2.998431671426462497e-01
3.017203097871422601e-01
3.036042826188016241e-01
3.054950670169528371e-01
3.073926439124994303e-01
3.092969937864209484e-01
3.112080966682070349e-01
3.131259321343973778e-01
3.150504793070686427e-01
3.169817168524294848e-01
3.189196229793844761e-01
3.208641754381523215e-01
3.228153515189150502e-01
3.247731280504926876e-01
3.267374813990244209e-01
3.287083874667009464e-01
3.306858216905661507e-01
3.326697590412622252e-01
3.346601740218986820e-01
3.366570406668127347e-01
3.386603325405945220e-01
3.406700227368775202e-01
3.426860838773359008e-01
3.447084881106540766e-01
3.467372071116142651e-01
3.487722120799852110e-01
3.508134737397567426e-01
3.528609623381399607e-01
3.549146476447713194e-01
3.569744989508722988e-01
3.590404850684690286e-01
3.611125743296561552e-01
3.631907345857990355e-01
3.652749332069842314e-01
3.673651370812117123e-01
3.694613126139456583e-01
3.715634257274089136e-01
3.736714418600851628e-01
3.757853259662543022e-01
3.779050425154634740e-01
3.800305554921208362e-01
3.821618283951312978e-01
3.842988242374487107e-01
3.864415055458811366e-01
3.885898343606701277e-01
3.907437722354198395e-01
3.929032802366746457e-01
3.950683189439554432e-01
3.972388484495202876e-01
3.994148283582587555e-01
4.015962177877150929e-01
4.037829753680254319e-01
4.059750592419855697e-01
4.081724270650569641e-01
4.103750360055324342e-01
4.125828427446528446e-01
4.147958034767976199e-01
4.170138739097488667e-01
4.192370092649114199e-01
4.214651642776218177e-01
4.236982931975417088e-01
4.259363497890857331e-01
4.281792873317271098e-01
4.304270586205506954e-01
4.326796159668155339e-01
4.349369111984323077e-01
4.371988956606181476e-01
4.394655202165184127e-01
4.417367352478843712e-01
4.440124906558581275e-01
4.462927358616746720e-01
4.485774198075107577e-01
4.508664909573608104e-01
4.531598972978869155e-01
4.554575863394268453e-01
4.577595051169756624e-01
4.600656001911307968e-01
4.623758176492834826e-01
4.646901031066644205e-01
4.670084017075552540e-01
4.693306581264783395e-01
4.716568165694213777e-01
4.739868207751717355e-01
4.763206140166494906e-01
4.786581391022736720e-01
4.809993383774458509e-01
4.833441537259404175e-01
4.856925265714869822e-01
4.880443978793326809e-01
4.903997081578573281e-01
4.927583974601392192e-01
4.951204053857891640e-01
4.974856710826229822e-01
4.998541332484185973e-01
5.022257301328266754e-01
5.046003995391993291e-01
5.069780788265405569e-01
5.093587049114437493e-01
5.117422142701473220e-01
5.141285429405756391e-01
5.165176265244229015e-01
5.189094001893673758e-01
5.213037986711974714e-01
5.237007562761070156e-01
5.261002068829103706e-01
5.285020839455024655e-01
5.309063204950881243e-01
5.333128491426971651e-01
5.357216020816403246e-01
5.381325110900087028e-01
5.405455075332104009e-01
5.429605223666313929e-01
5.453774861382180150e-01
5.477963289912411993e-01
5.502169806669455765e-01
5.526393705074402751e-01
5.550634274583959860e-01
5.574890800720436745e-01
5.599162565100621602e-01
5.623448845464202872e-01
5.647748915705573802e-01
5.672062045903251137e-01
5.696387502351054621e-01
5.720724547589880471e-01
5.745072440438332428e-01
5.769430436026843356e-01
5.793797785828748159e-01
5.818173737694110059e-01
5.842557535883169395e-01
5.866948421100679489e-01
5.891345630529706279e-01
5.915748397866815722e-01
5.940155953357618701e-01
5.964567523832214890e-01
5.988982332741051851e-01
6.013399600192145256e-01
6.037818542987600789e-01
6.062238374661249596e-01
6.086658305516111644e-01
6.111077542663090334e-01
6.135495290059758133e-01
6.159910748548380610e-01
6.184323115896668277e-01
6.208731586837086258e-01
6.233135353106599164e-01
6.257533603488699692e-01
6.281925523853388871e-01
6.306310297198803871e-01
6.330687103693629636e-01
6.355055120718801076e-01
6.379413522910397649e-01
6.403761482202975364e-01
6.428098167872466906e-01
6.452422746580432911e-01
6.476734382418258829e-01
6.501032236951020948e-01
6.525315469263625046e-01
6.549583236005082076e-01
6.573834691434872202e-01
6.598068987468160840e-01
6.622285273723725885e-01
6.646482697569217057e-01
6.670660404168726743e-01
6.694817536530902613e-01
6.718953235555731318e-01
6.743066640083461571e-01
6.767156886942897742e-01
6.791223111000262991e-01
6.815264445208247812e-01
6.839280020655966741e-01
6.863268966618124578e-01
6.887230410605547082e-01
6.911163478415748296e-01
6.935067294183702158e-01
6.958940980432691825e-01
6.982783658126470172e-01
7.006594446719494051e-01
7.030372464210649097e-01
7.054116827194538697e-01
7.077826650914263995e-01
7.101501049314864478e-01
7.125139135095387433e-01
7.148740019763811793e-01
7.172302813689139800e-01
7.195826626157095784e-01
7.219310565422991655e-01
7.242753738767132576e-01
7.266155252549347798e-01
7.289514212263746851e-01
7.312829722594513804e-01
7.336100887471304066e-01
7.359326810124701135e-01
7.382506593142577067e-01
7.405639338526406323e-01
7.428724147747238771e-01
7.451760121802909476e-01
7.474746361274809958e-01
7.497681966384650565e-01
7.520566037052635044e-01
7.543397672953784383e-01
7.566175973576669822e-01
7.588900038281047866e-01
7.611568966355365395e-01
7.634181857076040023e-01
7.656737809765421510e-01
7.679235923849863088e-01
7.701675298919375967e-01
7.724055034786616591e-01
7.746374231544995714e-01
7.768631989628980161e-01
7.790827409872580489e-01
7.812959593570083516e-01
7.835027642534113657e-01
7.857030659157357988e-01
7.878967746470476596e-01
7.900838008203676655e-01
7.922640548846283659e-01
7.944374473706514728e-01
7.966038888973128174e-01
7.987632901774203154e-01
8.009155620238921358e-01
8.030606153557997562e-01
8.051983612043955851e-01
8.073287107191965406e-01
8.094515751741161447e-01
8.115668659735054691e-01
8.136744946582151750e-01
8.157743729118802634e-01
8.178664125667460816e-01
8.199505256099511863e-01
8.220266241896601045e-01
8.240946206210908453e-01
8.261544273926599846e-01
8.282059571721057667e-01
8.302491228125937761e-01
8.322838373588360428e-01
8.343100140532393461e-01
8.363275663419840189e-01
8.383364078812124420e-01
8.403364525430030429e-01
8.423276144215280370e-01
8.443098078393167505e-01
8.462829473531658930e-01
8.482469477603177266e-01
8.502017241044913520e-01
8.521471916821390380e-01
8.540832660482644556e-01
8.560098630227102046e-01
8.579268986961943178e-01
8.598342894362676070e-01
8.617319518934039024e-01
8.636198030071391418e-01
8.654977600119274639e-01
8.673657404432757456e-01
8.692236621438221844e-01
8.710714432691051279e-01
8.729090022937117110e-01
8.747362580172375335e-01
8.765531295702769787e-01
8.783595364201374212e-01
8.801553983771065459e-01
8.819406356001115999e-01
8.837151686026916142e-01
8.854789182588693741e-01
8.872318058090892245e-01
8.889737528659504839e-01
8.907046814199950369e-01
8.924245138458066773e-01
8.941331729072823364e-01
8.958305817639666824e-01
8.975166639764214915e-01
8.991913435119844866e-01
9.008545447506297599e-01
9.025061924905285471e-01
9.041462119537635456e-01
9.057745287918191890e-01
9.073910690914167576e-01
9.089957593798853042e-01
9.105885266308332282e-01
9.121692982695968066e-01
9.137380021788804596e-01
9.152945667040659483e-01
9.168389206587792550e-01
9.183709933302116601e-01
9.198907144846064643e-01
9.213980143725116756e-01
9.228928237341943452e-01
9.243750738049566484e-01
9.258446963202339175e-01
9.273016235210514990e-01
9.287457881590512887e-01
9.301771235017950445e-01
9.315955633377053235e-01
9.330010419814322997e-01
9.343934942787164299e-01
9.357728556114639495e-01
9.371390619027382130e-01
9.384920496217483699e-01
9.398317557887934104e-01
9.411581179800292407e-01
9.424710743324605788e-01
9.437705635485865718e-01
9.450565249012875535e-01
9.463288982385935633e-01
9.475876239881519947e-01
9.488326431621045831e-01
9.500638973615930238e-01
9.512813287812920127e-01
9.524848802140615245e-01
9.536744950551711009e-01
9.548501173070719217e-01
9.560116915834970808e-01
9.571591631139804157e-01
9.582924777480256173e-01
9.594115819595563366e-01
9.605164228509309732e-01
9.616069481571879463e-01
9.626831062502034797e-01
9.637448461426953994e-01
9.647921174923028698e-01
9.658248706055267974e-01
9.668430564416807815e-01
9.678466266167931042e-01
9.688355334073224245e-01
9.698097297540857475e-01
9.707691692659673466e-01
9.717138062234583762e-01
9.726435955825000201e-01
9.735584929778642316e-01
9.744584547268189123e-01
9.753434378325522847e-01
9.762133999875816093e-01
9.770682995771717838e-01
9.779080956825312310e-01
9.787327480843382999e-01
9.795422172656057525e-01
9.803364644151096874e-01
9.811154514303752627e-01
9.818791409206878429e-01
9.826274962102135024e-01
9.833604813408055589e-01
9.840780610749477741e-01
9.847802008985458988e-01
9.854668670237785033e-01
9.861380263916031952e-01
9.867936466747422308e-01
9.874336962799302730e-01
9.880581443506054606e-01
9.886669607694855699e-01
9.892601161608669535e-01
9.898375818928778491e-01
9.903993300800759680e-01
9.909453335854750966e-01
9.914755660227603240e-01
9.919900017584543095e-01
9.924886159139862940e-01
9.929713843676485352e-01
9.934382837565681745e-01
9.938892914786605637e-01
9.943243856942994841e-01
9.947435453281558981e-01
9.951467500710068359e-01
9.955339803812277566e-01
9.959052174863868290e-01
9.962604433848412100e-01
9.965996408471864410e-01
9.969227934174740291e-01
9.972298854147805258e-01
9.975209019344188910e-01
9.977958288489537919e-01
9.980546528095874947e-01
9.982973612471530700e-01
9.985239423730621899e-01
9.987343851803620609e-01
9.989286794445512152e-01
9.991068157244761272e-01
9.992687853629863559e-01
9.994145804878065142e-01
9.995441940119960123e-01
9.996576196346418364e-01
9.997548518412842089e-01
9.998358859044925717e-01
9.999007178840739751e-01
9.999493446275519171e-01
9.999817637702912432e-01
9.999979737357973519e-01
9.999979737357973519e-01
9.999817637702912432e-01
9.999493446275519171e-01
9.999007178840739751e-01
9.998358859044925717e-01
9.997548518412840979e-01
9.996576196346418364e-01
9.995441940119960123e-01
9.994145804878056261e-01
9.992687853629863559e-01
9.991068157244765713e-01
9.989286794445509932e-01
9.987343851803627270e-01
9.985239423730619679e-01
9.982973612471529590e-01
9.980546528095873837e-01
9.977958288489536809e-01
9.975209019344187800e-01
9.972298854147803038e-01
9.969227934174740291e-01
9.965996408471865520e-01
9.962604433848408769e-01
9.959052174863870510e-01
9.955339803812276456e-01
9.951467500710068359e-01
9.947435453281563422e-01
9.943243856942999281e-01
9.938892914786610078e-01
9.934382837565682856e-01
9.929713843676487572e-01
9.924886159139850728e-01
9.919900017584533103e-01
9.914755660227601020e-01
9.909453335854753186e-01
9.903993300800763011e-01
9.898375818928774050e-01
9.892601161608675087e-01
9.886669607694859030e-01
9.880581443506050165e-01
9.874336962799294959e-01
9.867936466747423419e-01
9.861380263916028621e-01
9.854668670237788364e-01
9.847802008985448996e-01
9.840780610749489954e-01
9.833604813408051148e-01
9.826274962102133914e-01
9.818791409206879539e-01
9.811154514303752627e-01
9.803364644151099094e-01
9.795422172656057525e-01
9.787327480843396321e-01
9.779080956825305648e-01
9.770682995771716728e-01
9.762133999875818313e-01
9.753434378325527288e-01
9.744584547268185792e-01
9.735584929778653418e-01
9.726435955825003532e-01
9.717138062234577101e-01
9.707691692659676796e-01
9.698097297540849704e-01
9.688355334073206482e-01
9.678466266167922161e-01
9.668430564416810036e-01
9.658248706055267974e-01
9.647921174923028698e-01
9.637448461426947333e-01
9.626831062502013703e-01
9.616069481571870581e-01
9.605164228509308622e-01
9.594115819595564476e-01
9.582924777480252843e-01
9.571591631139804157e-01
9.560116915834970808e-01
9.548501173070719217e-01
9.536744950551706568e-01
9.524848802140611914e-01
9.512813287812921237e-01
9.500638973615933569e-01
9.488326431621041390e-01
9.475876239881512175e-01
9.463288982385936743e-01
9.450565249012876645e-01
9.437705635485860167e-01
9.424710743324602458e-01
9.411581179800296848e-01
9.398317557887932994e-01
9.384920496217478147e-01
9.371390619027372137e-01
9.357728556114637275e-01
9.343934942787164299e-01
9.330010419814326328e-01
9.315955633377047684e-01
9.301771235017950445e-01
9.287457881590510667e-01
9.273016235210513880e-01
9.258446963202342506e-01
9.243750738049565374e-01
9.228928237341939012e-01
9.213980143725113425e-01
9.198907144846063533e-01
9.183709933302107720e-01
9.168389206587791440e-01
9.152945667040662814e-01
9.137380021788804596e-01
9.121692982695961405e-01
9.105885266308333392e-01
9.089957593798863034e-01
9.073910690914170907e-01
9.057745287918197441e-01
9.041462119537642117e-01
9.025061924905292132e-01
9.008545447506297599e-01
8.991913435119834874e-01
8.975166639764216026e-01
8.958305817639661273e-01
8.941331729072816703e-01
8.924245138458068993e-01
8.907046814199957030e-01
8.889737528659507060e-01
8.872318058090895576e-01
8.854789182588693741e-01
8.837151686026917252e-01
8.819406356001121550e-01
8.801553983771068790e-01
8.783595364201374212e-01
8.765531295702779779e-01
8.747362580172383106e-01
8.729090022937117110e-01
8.710714432691052389e-01
8.692236621438226285e-01
8.673657404432756346e-01
8.654977600119273529e-01
8.636198030071393639e-01
8.617319518934043465e-01
8.598342894362679401e-01
8.579268986961934296e-01
8.560098630227112038e-01
8.540832660482645666e-01
8.521471916821392600e-01
8.502017241044919071e-01
8.482469477603181707e-01
8.462829473531666702e-01
8.443098078393169725e-01
8.423276144215290362e-01
8.403364525430044862e-01
8.383364078812119979e-01
8.363275663419846850e-01
8.343100140532392350e-01
8.322838373588387073e-01
8.302491228125938871e-01
8.282059571721067659e-01
8.261544273926610948e-01
8.240946206210907343e-01
8.220266241896606596e-01
8.199505256099526296e-01
8.178664125667476359e-01
8.157743729118833720e-01
8.136744946582158411e-01
8.115668659735068013e-01
8.094515751741165888e-01
8.073287107191965406e-01
8.051983612043961402e-01
8.030606153558007554e-01
8.009155620238925799e-01
7.987632901774207594e-01
7.966038888973132615e-01
7.944374473706519169e-01
7.922640548846296982e-01
7.900838008203682206e-01
7.878967746470487699e-01
7.857030659157373531e-01
7.835027642534120318e-01
7.812959593570083516e-01
7.790827409872587150e-01
7.768631989628986823e-01
7.746374231545000155e-01
7.724055034786615481e-01
7.701675298919392620e-01
7.679235923849860868e-01
7.656737809765427061e-01
7.634181857076056676e-01
7.611568966355365395e-01
7.588900038281056748e-01
7.566175973576678704e-01
7.543397672953782163e-01
7.520566037052642816e-01
7.497681966384662777e-01
7.474746361274807738e-01
7.451760121802920578e-01
7.428724147747249873e-01
7.405639338526418536e-01
7.382506593142582618e-01
7.359326810124706686e-01
7.336100887471310728e-01
7.312829722594517134e-01
7.289514212263747961e-01
7.266155252549344468e-01
7.242753738767138127e-01
7.219310565422997206e-01
7.195826626157092454e-01
7.172302813689145351e-01
7.148740019763819564e-01
7.125139135095392984e-01
7.101501049314875580e-01
7.077826650914269546e-01
7.054116827194542028e-01
7.030372464210661310e-01
7.006594446719497382e-01
6.982783658126469062e-01
6.958940980432695156e-01
6.935067294183708819e-01
6.911163478415752737e-01
6.887230410605548192e-01
6.863268966618121247e-01
6.839280020655980064e-01
6.815264445208244481e-01
6.791223111000260770e-01
6.767156886942904404e-01
6.743066640083461571e-01
6.718953235555733539e-01
6.694817536530902613e-01
6.670660404168723412e-01
6.646482697569222609e-01
6.622285273723731436e-01
6.598068987468157509e-01
6.573834691434881083e-01
6.549583236005078746e-01
6.525315469263628376e-01
6.501032236951027610e-01
6.476734382418258829e-01
6.452422746580427360e-01
6.428098167872473567e-01
6.403761482202977584e-01
6.379413522910398759e-01
6.355055120718799966e-01
6.330687103693628526e-01
6.306310297198806092e-01
6.281925523853391091e-01
6.257533603488703022e-01
6.233135353106603604e-01
6.208731586837086258e-01
6.184323115896668277e-01
6.159910748548390602e-01
6.135495290059761464e-01
6.111077542663085893e-01
6.086658305516118306e-01
6.062238374661251816e-01
6.037818542987607451e-01
6.013399600192146366e-01
5.988982332741048520e-01
5.964567523832207119e-01
5.940155953357619811e-01
5.915748397866810171e-01
5.891345630529702948e-01
5.866948421100678379e-01
5.842557535883167175e-01
5.818173737694115610e-01
5.793797785828751490e-01
5.769430436026847797e-01
5.745072440438339090e-01
5.720724547589883802e-01
5.696387502351047960e-01
5.672062045903247807e-01
5.647748915705580464e-01
5.623448845464198431e-01
5.599162565100623823e-01
5.574890800720442297e-01
5.550634274583959860e-01
5.526393705074407192e-01
5.502169806669454655e-01
5.477963289912415323e-01
5.453774861382182371e-01
5.429605223666300606e-01
5.405455075332101789e-01
5.381325110900092579e-01
5.357216020816392144e-01
5.333128491426973872e-01
5.309063204950882353e-01
5.285020839455022434e-01
5.261002068829110367e-01
5.237007562761071267e-01
5.213037986711970273e-01
5.189094001893681529e-01
5.165176265244216802e-01
5.141285429405753060e-01
5.117422142701461008e-01
5.093587049114428611e-01
5.069780788265400018e-01
5.046003995391998842e-01
5.022257301328263424e-01
4.998541332484167099e-01
4.974856710826236483e-01
4.951204053857882759e-01
4.927583974601389971e-01
4.903997081578566064e-01
4.880443978793333470e-01
4.856925265714880924e-01
4.833441537259402510e-01
4.809993383774450182e-01
4.786581391022733944e-01
4.763206140166496017e-01
4.739868207751705143e-01
4.716568165694216552e-01
4.693306581264775623e-01
4.670084017075541438e-01
4.646901031066644205e-01
4.623758176492829830e-01
4.600656001911301307e-01
4.577595051169746077e-01
4.554575863394272894e-01
4.531598972978872486e-01
4.508664909573609214e-01
4.485774198075102581e-01
4.462927358616737283e-01
4.440124906558575169e-01
4.417367352478839271e-01
4.394655202165183017e-01
4.371988956606176480e-01
4.349369111984311975e-01
4.326796159668155894e-01
4.304270586205505289e-01
4.281792873317277204e-01
4.259363497890851225e-01
4.236982931975408206e-01
4.214651642776213736e-01
4.192370092649129187e-01
4.170138739097479785e-01
4.147958034767969537e-01
4.125828427446525670e-01
4.103750360055317126e-01
4.081724270650575193e-01
4.059750592419859028e-01
4.037829753680256539e-01
4.015962177877149264e-01
3.994148283582568681e-01
3.972388484495206207e-01
3.950683189439561094e-01
3.929032802366742017e-01
3.907437722354197285e-01
3.885898343606699057e-01
3.864415055458808035e-01
3.842988242374483221e-01
3.821618283951314088e-01
3.800305554921205031e-01
3.779050425154630299e-01
3.757853259662542467e-01
3.736714418600847742e-01
3.715634257274099683e-01
3.694613126139447146e-01
3.673651370812111017e-01
3.652749332069841759e-01
3.631907345857984248e-01
3.611125743296562662e-01
3.590404850684691396e-01
3.569744989508721877e-01
3.549146476447703202e-01
3.528609623381401272e-01
3.508134737397561875e-01
3.487722120799851555e-01
3.467372071116145982e-01
3.447084881106544096e-01
3.426860838773351237e-01
3.406700227368771317e-01
3.386603325405944109e-01
3.366570406668127902e-01
3.346601740218985710e-01
3.326697590412621142e-01
3.306858216905673165e-01
3.287083874667000583e-01
3.267374813990239768e-01
3.247731280504931317e-01
3.228153515189153833e-01
3.208641754381519884e-01
3.189196229793851423e-01
3.169817168524291517e-01
3.150504793070683096e-01
3.131259321343979884e-01
3.112080966682070904e-01
3.092969937864207819e-01
3.073926439124998189e-01
3.054950670169526705e-01
3.036042826188019572e-01
3.017203097871427042e-01
2.998431671426468048e-01
2.979728728591984344e-01
2.961094446654571333e-01
2.942528998464936096e-01
2.924032552454718381e-01
2.905605272653050131e-01
2.887247318703856092e-01
2.868958845882750297e-01
2.850740005115294795e-01
2.832590942993877259e-01
2.814511801796928392e-01
2.796502719505839507e-01
2.778563829824640674e-01
2.760695262198095690e-01
2.742897141830681895e-01
2.725169589706157858e-01
2.707512722606465472e-01
2.689926653131560208e-01
2.672411489719487832e-01
2.654967336665923772e-01
2.637594294144737783e-01
2.620292458228182242e-01
2.603061920907823179e-01
2.585902770115141580e-01
2.568815089742626512e-01
2.551798959664990374e-01
2.534854455760502390e-01
2.517981649932508059e-01
2.501180610131206183e-01
2.484451400376034846e-01
2.467794080776786192e-01
2.451208707556793431e-01
2.434695333074806123e-01
2.418254005847934596e-01
2.401884770573985139e-01
2.385587668154972030e-01
2.369362735719283408e-01
2.353210006646007935e-01
2.337129510587012682e-01
2.321121273491703607e-01
2.305185317629673825e-01
2.289321661614885373e-01
2.273530320429628937e-01
2.257811305448404193e-01
2.242164624461985001e-01
2.226590281701989471e-01
2.211088277864856622e-01
2.195658610136873301e-01
2.180301272218260200e-01
2.165016254348360591e-01
2.149803543330044975e-01
2.134663122555184589e-01
2.119594972029171798e-01
2.104599068396256489e-01
2.089675384964908567e-01
2.074823891733118819e-01
2.060044555413558798e-01
2.045337339459414872e-01
2.030702204089654961e-01
2.016139106314887020e-01
2.001647999963120650e-01
1.987228835705554808e-01
1.972881561082122370e-01
1.958606120527981997e-01
1.944402455399196206e-01
1.930270503998748333e-01
1.916210201602891183e-01
1.902221480487291116e-01
1.888304269952907066e-01
1.874458496352792714e-01
1.860684083118069043e-01
1.846980950784594677e-01
1.833349017018846561e-01
1.819788196645024392e-01
1.806298401671065923e-01
1.792879541315288150e-01
1.779531522033054869e-01
1.766254247543085909e-01
1.753047618854519929e-01
1.739911534292892525e-01
1.726845889527288680e-01
1.713850577596597591e-01
1.700925488936643193e-01
1.688070511406301322e-01
1.675285530314624127e-01
1.662570428447290583e-01
1.649925086093468329e-01
1.637349381072032706e-01
1.624843188759005908e-01
1.612406382113489856e-01
1.600038831704799769e-01
1.587740405738992944e-01
1.575510970085315932e-01
1.563350388303101912e-01
1.551258521668265056e-01
1.539235229199979460e-01
1.527280367686900675e-01
1.515393791714221561e-01
1.503575353689646510e-01
1.491824903870485886e-01
1.480142290389167281e-01
1.468527359280910327e-01
1.456979954508884900e-01
1.445499917991335259e-01
1.434087089627553435e-01
1.422741307324142668e-01
1.411462407021137622e-01
1.400250222718617543e-01
1.389104586502142025e-01
1.378025328569307539e-01
1.367012277255456043e-01
1.356065259059776873e-01
1.345184098671109996e-01
1.334368618993707623e-01
1.323618641173192612e-01
1.312933984622160211e-01
1.302314467045569968e-01
1.291759904466545650e-01
1.281270111251986421e-01
1.270844900137526878e-01
1.260484082253457150e-01
1.250187467149334319e-01
1.239954862819715870e-01
1.229786075729124711e-01
1.219680910836725973e-01
1.209639171621840897e-01
1.199660660108239491e-01
1.189745176889338146e-01
1.179892521152494378e-01
1.170102490704032910e-01
1.160374881993409546e-01
1.150709490137651475e-01
1.141106108945832281e-01
1.131564530942897884e-01
1.122084547394532339e-01
1.112665948330170823e-01
1.103308522567754552e-01
1.094012057737093480e-01
1.084776340303625214e-01
1.075601155592239011e-01
1.066486287810348432e-01
1.057431520071850095e-01
1.048436634419698671e-01
1.039501411849620832e-01
1.030625632333089792e-01
1.021809074840059062e-01
1.013051517361670401e-01
1.004352736933512569e-01
9.957125096576723011e-02
9.871306107254702866e-02
9.786068144395440593e-02
9.701408942365451205e-02
9.617326227087362456e-02
9.533817716263277842e-02
9.450881119593107504e-02
9.368514138987078799e-02
9.286714468789727950e-02
9.205479795989804370e-02
9.124807800433427929e-02
9.044696155038371710e-02
8.965142526004742096e-02
8.886144573022936033e-02
8.807699949484419644e-02
8.729806302686068942e-02
8.652461274039660588e-02
8.575662499270136907e-02
8.499407608625400568e-02
8.423694227073096064e-02
8.348519974502804919e-02
8.273882465924638219e-02
8.199779311666431647e-02
8.126208117571594169e-02
8.053166485190110802e-02
7.980652011975272742e-02
7.908662291474433115e-02
7.837194913518401307e-02
7.766247464414814672e-02
7.695817527128175073e-02
7.625902681473417655e-02
7.556500504297875009e-02
7.487608569662156099e-02
7.419224449027136958e-02
7.351345711430544438e-02
7.283969923666755442e-02
7.217094650466136796e-02
7.150717454669258677e-02
7.084835897401371707e-02
7.019447538246549601e-02
6.954549935420355211e-02
6.890140645937285757e-02
6.826217225783146048e-02
6.762777230077801627e-02
6.699818213244913834e-02
6.637337729175030177e-02
6.575333331388005798e-02
6.513802573193511192e-02
6.452743007853894985e-02
6.392152188738653429e-02
6.332027669484907584e-02
6.272367004149083380e-02
6.213167747365842125e-02
6.154427454493520411e-02
6.096143681772851763e-02
6.038313986469329153e-02
5.980935927026321403e-02
5.924007063208466817e-02
5.867524956248055396e-02
5.811487168986859131e-02
5.755891266019956543e-02
5.700734813835534043e-02
5.646015380952502938e-02
5.591730538060262629e-02
5.537877858152243787e-02
5.484454916661306301e-02
5.431459291594448180e-02
5.378888563661348571e-02
5.326740316405646769e-02
5.275012136333851603e-02
5.223701613042491809e-02
5.172806339342355536e-02
5.122323911382627853e-02
5.072251928775720065e-02
5.022587994716032345e-02
4.973329716100587106e-02
4.924474703646222057e-02
4.876020572007606912e-02
4.827964939891642160e-02
4.780305430170973119e-02
4.733039669998301280e-02
4.686165290913647113e-02
4.639679928957404081e-02
4.593581224775943050e-02
4.547866823729772301e-02
4.502534375996085358e-02
4.457581536675521428e-02
4.413005965892630861e-02
4.368805328896497447e-02
4.324977296161559848e-02
4.281519543483095630e-02
4.238429752077398083e-02
4.195705608672551518e-02
4.153344805606749152e-02
4.111345040916071503e-02
4.069704018429733117e-02
4.028419447855655089e-02
3.987489044871978666e-02
3.946910531212671769e-02
3.906681634751374421e-02
3.866800089588728895e-02
3.827263636131821023e-02
3.788070021177541991e-02
3.749216997992222550e-02
3.710702326390331873e-02
3.672523772810992043e-02
3.634679110395589580e-02
3.597166119060456885e-02
3.559982585572338959e-02
3.523126303618948768e-02
3.486595073880430912e-02
3.450386704098613172e-02
3.414499009145224168e-02
3.378929811088908497e-02
3.343676939260727815e-02
3.308738230318512136e-02
3.274111528310230668e-02
3.239794684735193553e-02
3.205785558605113439e-02
3.172082016503523921e-02
3.138681932644145356e-02
3.105583188927378904e-02
3.072783674994720993e-02
3.040281288285809694e-02
3.008073934090940357e-02
2.976159525601140832e-02
2.944535983961014264e-02
2.913201238317839059e-02
2.882153225870880131e-02
2.851389891916838656e-02
2.820909189898710909e-02
2.790709081448129042e-02
2.760787536431717412e-02
2.731142532991456470e-02
2.701772057588078257e-02
2.672674105041282500e-02
2.643846678569029829e-02
2.615287789825446185e-02
2.586995458938513154e-02
2.558967714546746958e-02
2.531202593832700826e-02
2.503698142557904752e-02
2.476452415097487800e-02
2.449463474467605817e-02
2.422729392361255146e-02
2.396248249175908854e-02
2.370018134040684232e-02
2.344037144847086612e-02
2.318303388273966828e-02
2.292814979813182288e-02
2.267570043795934590e-02
2.242566713414947607e-02
2.217803130747204171e-02
2.193277446777746470e-02
2.168987821417958997e-02
2.144932423526866444e-02
2.121109430931207226e-02
2.097517030440633826e-02
2.074153417867668353e-02
2.051016798041619890e-02
2.028105384826064603e-02
2.005417401131272259e-02
1.982951078928624558e-02
1.960704659263840660e-02
1.938676392268004478e-02
1.916864537168179450e-02
1.895267362297643754e-02
1.873883145106930090e-02
1.852710172167854399e-02
1.831746739185532991e-02
1.810991151003085373e-02
1.790441721607450090e-02
1.770096774134457748e-02
1.749954640874272840e-02
1.730013663272727750e-02
1.710272191936562311e-02
1.690728586634114225e-02
1.671381216294698380e-02
1.652228459014173229e-02
1.633268702048461599e-02
1.614500341817371246e-02
1.595921783899659219e-02
1.577531443032440320e-02
1.559327743107337405e-02
1.541309117167398782e-02
1.523474007400193314e-02
1.505820865135034867e-02
1.488348150836010797e-02
1.471054334095853872e-02
1.453937893627650982e-02
1.436997317258113978e-02
1.420231101918207131e-02
1.403637753634284432e-02
1.387215787519069723e-02
1.370963727758752609e-02
1.354880107604791023e-02
1.338963469361246876e-02
1.323212364370750585e-02
1.307625353005673584e-02
1.292201004650214355e-02
1.276937897689508009e-02
1.261834619495203792e-02
1.246889766406682892e-02
1.232101943720556245e-02
1.217469765670646346e-02
1.202991855413556264e-02
1.188666845009876162e-02
1.174493375407244591e-02
1.160470096423138302e-02
1.146595666722473837e-02
1.132868753804393974e-02
1.119288033976520783e-02
1.105852192338405843e-02
1.092559922759652781e-02
1.079409927859652923e-02
1.066400918984526137e-02
1.053531616186318201e-02
1.040800748200795475e-02
1.028207052423558802e-02
1.015749274887552470e-02
1.003426170238968032e-02
9.912365017138958026e-03
9.791790411119744020e-03
9.672525687736069008e-03
9.554558735539505493e-03
9.437877527963932020e-03
9.322470123078293452e-03
9.208324663316050027e-03
9.095429375204435590e-03
8.983772569103987138e-03
8.873342638921153172e-03
8.764128061848164980e-03
8.656117398057321111e-03
8.549299290436119386e-03
8.443662464296591841e-03
8.339195727080226522e-03
8.235887968061536210e-03
8.133728158054864127e-03
8.032705349130845121e-03
7.932808674285245221e-03
7.834027347153792176e-03
7.736350661696639666e-03
7.639767991892344734e-03
7.544268791417152974e-03
7.449842593341745450e-03
7.356479009808849882e-03
7.264167731693935669e-03
7.172898528322591873e-03
7.082661247101738888e-03
6.993445813231133519e-03
6.905242229333370674e-03
6.818040575172101825e-03
6.731831007272589401e-03
6.646603758606373959e-03
6.562349138259316629e-03
6.479057531084603250e-03
6.396719397360983023e-03
6.315325272456742169e-03
6.234865766468125105e-03
6.155331563909199714e-03
6.076713423311533475e-03
5.999002176927410029e-03
5.922188730349589939e-03
5.846264062159908619e-03
5.771219223587951280e-03
5.697045338148172197e-03
5.623733601288925452e-03
5.551275280024636771e-03
5.479661712587144060e-03
5.408884308066951377e-03
5.338934546054398787e-03
5.269803976252923974e-03
5.201484218159823682e-03
5.133966960665661827e-03
5.067243961710076079e-03
5.001307047903190937e-03
4.936148114173866119e-03
4.871759123387504019e-03
4.808132105992628420e-03
4.745259159643377446e-03
4.683132448838989853e-03
4.621744204545055051e-03
4.561086723823978839e-03
4.501152369479043298e-03
4.441933569669433493e-03
4.383422817540711010e-03
4.325612670852461636e-03
4.268495751616318418e-03
4.212064745720278669e-03
4.156312402544386393e-03
4.101231534607421153e-03
4.046815017171985669e-03
3.993055787892114961e-03
3.939946846437844021e-03
3.887481254101817201e-03
3.835652133450191160e-03
3.784452667945437457e-03
3.733876101560878319e-03
3.683915738419186753e-03
3.634564942420160857e-03
3.585817136853311059e-03
3.537665804054708832e-03
3.490104485004770236e-03
3.443126778974976883e-03
3.396726343150393602e-03
3.350896892258116259e-03
3.305632198194986653e-03
3.260926089667398001e-03
3.216772451807136529e-03
3.173165225811249400e-03
3.130098408580269005e-03
3.087566052317426788e-03
3.045562264202560359e-03
3.004081206008354498e-03
2.963117093718391475e-03
2.922664197179339427e-03
2.882716839734013672e-03
2.843269397843836265e-03
2.804316300747362618e-03
2.765852030068884516e-03
2.727871119484673659e-03
2.690368154329710743e-03
2.653337771271142842e-03
2.616774657924634574e-03
2.580673552498931930e-03
2.545029243437919430e-03
2.509836569081658197e-03
2.475090417265113189e-03
2.440785725017186047e-03
2.406917478169246557e-03
2.373480711009845479e-03
2.340470505938799413e-03
2.307881993107423028e-03
2.275710350068813146e-03
2.243950801439905090e-03
2.212598618543363746e-03
2.181649119046606255e-03
2.151097666637500662e-03
2.120939670683807607e-03
2.091170585859086339e-03
2.061785911830901156e-03
2.032781192893819838e-03
2.004152017654203984e-03
1.975894018669478031e-03
1.948002872119314159e-03
1.920474297468752461e-03
1.893304057139460865e-03
1.866487956163023765e-03
1.840021841851520630e-03
1.813901603471624810e-03
1.788123171910467818e-03
1.762682519347631965e-03
1.737575658929231374e-03
1.712798644433474217e-03
1.688347569956296767e-03
1.664218569587824900e-03
1.640407817080744186e-03
1.616911525538817498e-03
1.593725947090360176e-03
1.570847372571905834e-03
1.548272131233548610e-03
1.525996590371402756e-03
1.504017155083656057e-03
1.482330267902031958e-03
1.460932408500516472e-03
1.439820093400127768e-03
1.418989875629300679e-03
1.398438344473412797e-03
1.378162125087714759e-03
1.358157878282081205e-03
1.338422300155006454e-03
1.318952121828229334e-03
1.299744109132114833e-03
1.280795062320087179e-03
1.262101815761675506e-03
1.243661237656581119e-03
1.225470229742486959e-03
1.207525727002218066e-03
1.189824697371527195e-03
1.172364141471735543e-03
1.155141092275100258e-03
1.138152614887826550e-03
1.121395806205658079e-03
1.104867794676892044e-03
1.088565740004191710e-03
1.072486832862124852e-03
1.056628294619208147e-03
1.040987377096514984e-03
1.025561362247419481e-03
1.010347561909968840e-03
9.953433175396441974e-04
9.805459999454911937e-04
9.659530089975766360e-04
9.515617733885906558e-04
9.373697503621794720e-04
9.233744254386515651e-04
9.095733121916207541e-04
8.959639519326295654e-04
8.825439135058514312e-04
8.693107930062993899e-04
8.562622135415349275e-04
8.433958249543438077e-04
8.307093036055577997e-04
8.182003521051981268e-04
8.058666990573828612e-04
7.937060988411144720e-04
7.817163313565405214e-04
7.698952017551614468e-04
7.582405402368048129e-04
7.467502018005064447e-04
7.354220660035814053e-04
7.242540367020625265e-04
7.132440418767371348e-04
7.023900333328332406e-04
6.916899865179674655e-04
6.811419002663160471e-04
6.707437965807819258e-04
6.604937204115180448e-04
6.503897394243825323e-04
6.404299437646092993e-04
6.306124458774729769e-04
6.209353802439500185e-04
6.113969031764042699e-04
6.019951926291978832e-04
5.927284479349884116e-04
5.835948896302210493e-04
5.745927592290807177e-04
5.657203190157548099e-04
5.569758518322500546e-04
5.483576608755356876e-04
5.398640694925915112e-04
5.314934209708097133e-04
5.232440783368705935e-04
5.151144241711497034e-04
5.071028603862005966e-04
4.992078080321771857e-04
4.914277071225404362e-04
4.837610164114048740e-04
4.762062132245695797e-04
4.687617932454645874e-04
4.614262703440514223e-04
4.541981763721957693e-04
4.470760609988067274e-04
4.400584914879502804e-04
4.331440525571464591e-04
4.263313461663801283e-04
4.196189913454420085e-04
4.130056240146484734e-04
4.064898968096908576e-04
4.000704788898333704e-04
3.937460557862997815e-04
3.875153292106361339e-04
3.813770168880693031e-04
3.753298523881218752e-04
3.693725849545491813e-04
3.635039793349875009e-04
3.577228156083709764e-04
3.520278890438782119e-04
3.464180099026039402e-04
3.408920033015747000e-04
3.354487090420573987e-04
3.300869814486890805e-04
3.248056892248931456e-04
3.196037152681688136e-04
3.144799565467724500e-04
3.094333239299525400e-04
3.044627420211562432e-04
2.995671490337433948e-04
2.947454966214600042e-04
2.899967497464444460e-04
2.853198865133464799e-04
2.807138980318655934e-04
2.761777882679845864e-04
2.717105739183307053e-04
2.673112842384878923e-04
2.629789609292605083e-04
2.587126579660719520e-04
2.545114414999817727e-04
2.503743896941999086e-04
2.463005925867048276e-04
2.422891519698012423e-04
2.383391812474180711e-04
2.344498053082036577e-04
2.306201603857567159e-04
2.268493939368732438e-04
2.231366645188935516e-04
2.194811416512910604e-04
2.158820056786527834e-04
2.123384476825178595e-04
2.088496693210244864e-04
2.054148827305743007e-04
2.020333103828447600e-04
1.987041849836786167e-04
1.954267493469235509e-04
1.922002562810606191e-04
1.890239684524323664e-04
1.858971583039666954e-04
1.828191079059834911e-04
1.797891088717203101e-04
1.768064622230422316e-04
1.738704782935354340e-04
1.709804766094917203e-04
1.681357857939245332e-04
1.653357434324266920e-04
1.625796960005041272e-04
1.598669987286842169e-04
1.571970155180135026e-04
1.545691188255828540e-04
1.519826895674042042e-04
1.494371169999345744e-04
1.469317986617204100e-04
1.444661402186845321e-04
1.420395554076019085e-04
1.396514659197348358e-04
1.373013013009401900e-04
1.349884988825805938e-04
1.327125036488388879e-04
1.304727681765397058e-04
1.282687525196186257e-04
1.260999241275190426e-04
1.239657577587044944e-04
1.218657353849066961e-04
1.197993460914500638e-04
1.177660860182481312e-04
1.157654582412503790e-04
1.137969727089231664e-04
1.118601461456802774e-04
1.099545019760338714e-04
1.080795702267443696e-04
1.062348874601788846e-04
1.044199966870685073e-04
1.026344472882154656e-04
1.008777949242463043e-04
9.914960146483863673e-05
9.744943491536749505e-05
9.577686932536093670e-05
9.413148473255521231e-05
9.251286707266095574e-05
9.092060810322660433e-05
8.935430532976519971e-05
8.781356194712420377e-05
8.629798675663684013e-05
8.480719408763799996e-05
8.334080373413989620e-05
8.189844089742225747e-05
8.047973608811629515e-05
7.908432508456440108e-05
7.771184884768295512e-05
7.636195346899304556e-05
7.503429008625826444e-05
7.372851483469647707e-05
7.244428877788838816e-05
7.118127783550982912e-05
6.993915272703564445e-05
6.871758891121735810e-05
6.751626651969877546e-05
6.633487030398114992e-05
6.517308956029057437e-05
6.403061808363990151e-05
6.290715410474725933e-05
6.180240021797520425e-05
6.071606335356473719e-05
5.964785469575462074e-05
5.859748963172109470e-05
5.756468770326712836e-05
5.654917253627945659e-05
5.555067181453035227e-05
5.456891719410284988e-05
5.360364426232116716e-05
5.265459249727743804e-05
5.172150520706391558e-05
5.080412945951493647e-05
4.990221606953476607e-05
4.901551951739992891e-05
4.814379791363929822e-05
4.728681294638437116e-05
4.644432983487824587e-05
4.561611727691436760e-05
4.480194741431423044e-05
4.400159576661757249e-05
4.321484119336038016e-05
4.244146587540709517e-05
4.168125521604839137e-05
4.093399783405230613e-05
4.019948552468543754e-05
3.947751318999744366e-05
3.876787881353224371e-05
3.807038341567406739e-05
3.738483100768812475e-05
3.671102855627326675e-05
3.604878593879701221e-05
3.539791589819880901e-05
3.475823401225854037e-05
3.412955865307642014e-05
3.351171094429037517e-05
3.290451473065419963e-05
3.230779651478563400e-05
3.172138546618519239e-05
3.114511333809780527e-05
3.057881445400019091e-05
3.002232566850756082e-05
2.947548633685593070e-05
2.893813826222724206e-05
2.841012568714036332e-05
2.789129523694854410e-05
2.738149589388014574e-05
2.688057896227651761e-05
2.638839804667203123e-05
2.590480900286967411e-05
2.542966990956314205e-05
2.496284104958751415e-05
2.450418486407484817e-05
2.405356592614362951e-05
2.361085091288992605e-05
2.317590856871576746e-05
2.274860969103892697e-05
2.232882707572329123e-05
2.191643551450713281e-05
2.151131174627819720e-05
2.111333444234676782e-05
2.072238417087039070e-05
2.033834337802561953e-05
1.996109634479952336e-05
1.959052917867732529e-05
1.922652976843030465e-05
1.886898778269766042e-05
1.851779461867816140e-05
1.817284339199242219e-05
1.783402890516991648e-05
1.750124763601982464e-05
1.717439768701874148e-05
1.685337878439300760e-05
1.653809225120924514e-05
1.622844097213041459e-05
1.592432937781674759e-05
1.562566343514711076e-05
1.533235058943970344e-05
1.504429978807769047e-05
1.476142141722258661e-05
1.448362730474680657e-05
1.421083069377089211e-05
1.394294621485242525e-05
1.367988987484216462e-05
1.342157903391674040e-05
1.316793237640147274e-05
1.291886990613519068e-05
1.267431290425660370e-05
1.243418394853085598e-05
1.219840684478024420e-05
1.196690664546310595e-05
1.173960962178857356e-05
1.151644323295428901e-05
1.129733612543603466e-05
1.108221809742243255e-05
1.087102010569008723e-05
1.066367422233654647e-05
1.046011362824689900e-05
1.026027260464046700e-05
1.006408650100097321e-05
9.871491730768355150e-06
9.682425754737895157e-06
9.496827047031017321e-06
9.314635108692917442e-06
9.135790431619855712e-06
8.960234482645670906e-06
8.787909697023990607e-06
8.618759474595793363e-06
8.452728127996637225e-06
8.289760910798645022e-06
8.129803975019753853e-06
7.972804368862069363e-06
7.818710020382046294e-06
7.667469718296206910e-06
7.519033114059773398e-06
7.373350694313187542e-06
7.230373765437867611e-06
7.090054456141380024e-06
6.952345690161131769e-06
6.817201186736215196e-06
6.684575425707373758e-06
6.554423669419620624e-06
6.426701917921703866e-06
6.301366919781239972e-06
6.178376147920883188e-06
6.057687792466927984e-06
5.939260750493190189e-06
5.823054607181910036e-06
5.709029640840572462e-06
5.597146797477799834e-06
5.487367683231717669e-06
5.379654556821739098e-06
5.273970320648132398e-06
5.170278501049566794e-06
5.068543258623849773e-06
4.968729348238214161e-06
4.870802142795897099e-06
4.774727584553727783e-06
4.680472223492909700e-06
4.588003165900082087e-06
4.497288084940893188e-06
4.408295207492148038e-06
4.320993313319549528e-06
4.235351703182638899e-06
4.151340221523677765e-06
4.068929228583269275e-06
3.988089594575590369e-06
3.908792688949152411e-06
3.831010372124313279e-06
3.754715011974885108e-06
3.679879435441492375e-06
3.606476939783422042e-06
3.534481297859555504e-06
3.463866734613758186e-06
3.394607920113434235e-06
3.326679962284504605e-06
3.260058409006953012e-06
3.194719239332788341e-06
3.130638834319705160e-06
3.067794008296004932e-06
3.006161966530741109e-06
2.945720325974073017e-06
2.886447081464418862e-06
2.828320631589713308e-06
2.771319740301012718e-06
2.715423554062405126e-06
2.660611574464930712e-06
2.606863684367997230e-06
2.554160106685385984e-06
2.502481419753167097e-06
2.451808536434955249e-06
2.402122721712439402e-06
2.353405566523584375e-06
2.305638979444631781e-06
2.258805207040574803e-06
2.212886795514758947e-06
2.167866617444440258e-06
2.123727835282637061e-06
2.080453927336481379e-06
2.038028647185965297e-06
1.996436063405639116e-06
1.955660499171514577e-06
1.915686589791000538e-06
1.876499232747637358e-06
1.838083586224413535e-06
1.800425090654669130e-06
1.763509441682093587e-06
1.727322590743159136e-06
1.691850743182343741e-06
1.657080361184681133e-06
1.622998137953968190e-06
1.589591018023774754e-06
1.556846180475728730e-06
1.524751028965289773e-06
1.493293202829183708e-06
1.462460561978563139e-06
1.432241195310681586e-06
1.402623396833460601e-06
1.373595678381880208e-06
1.345146761011582065e-06
1.317265575764749869e-06
1.289941250083321417e-06
1.263163106556518256e-06
1.236920675097737121e-06
1.211203670028852819e-06
1.186001994048398178e-06
1.161305736026296831e-06
1.137105162182794338e-06
1.113390735358633921e-06
1.090153066910307111e-06
1.067382958999576331e-06
1.045071380473012318e-06
1.023209471777766777e-06
1.001788524157467414e-06
9.807999961026006575e-07
9.602355155804986886e-07
9.400868408652833519e-07
9.203459092961725763e-07
9.010047907547988344e-07
8.820557083921189145e-07
8.634910282252772351e-07
8.453032660279274912e-07
8.274850617183415746e-07
8.100292066995189166e-07
7.929286222666497019e-07
7.761763621996591034e-07
7.597656040947940725e-07
7.436896644766669007e-07
7.279419802701074527e-07
7.125161057604939563e-07
6.974057263175841015e-07
6.826046388746717652e-07
6.681067544660537760e-07
6.539061136513237005e-07
6.399968523408856858e-07
6.263732277452492558e-07
6.130295951041475622e-07
5.999604354577255105e-07
5.871603073501034664e-07
5.746238980609656710e-07
5.623459760251310613e-07
5.503214289413922711e-07
5.385452178591557115e-07
5.270124153683788948e-07
5.157181874404850874e-07
5.046577879266878064e-07
4.938265554610757335e-07
4.832199351273089305e-07
4.728334440972162267e-07
4.626626853342433177e-07
4.527033472690594751e-07
4.429512161690032923e-07
4.334021368986376577e-07
4.240520468327263481e-07
4.148969505960581339e-07
4.059329462612407124e-07
3.971561939502057936e-07
3.885629265721474157e-07
3.801494597539464837e-07
3.719121761929650161e-07
3.638475245607009079e-07
3.559520211880717877e-07
3.482222569262463652e-07
3.406548818750063101e-07
3.332466159472122214e-07
3.259942416063837944e-07
3.188945996651995629e-07
3.119445956432584377e-07
3.051411968787651197e-07
2.984814272298172422e-07
2.919623658019857015e-07
2.855811553825401972e-07
2.793349859605762098e-07
2.732211103577408817e-07
2.672368299263053193e-07
2.613795061761486904e-07
2.556465348423769823e-07
2.500353871717417298e-07
2.445435651103958219e-07
2.391686224970102081e-07
2.339081671990858591e-07
2.287598526908712904e-07
2.237213789424083443e-07
2.187904783717414814e-07
2.139649554365116724e-07
2.092426311071926559e-07
2.046213774331909208e-07
2.000991125841386498e-07
1.956738015194969815e-07
1.913434299295399543e-07
1.871060416394620951e-07
1.829597120047918302e-07
1.789025555320317151e-07
1.749327214403684216e-07
1.710484045132354414e-07
1.672478207046315668e-07
1.635292341470306887e-07
1.598909328687225795e-07
1.563312581028333814e-07
1.528485558781322862e-07
1.494412338390316286e-07
1.461077062314339314e-07
1.428464389448269589e-07
1.396559181779735703e-07
1.365346623486557442e-07
1.334812151946793146e-07
1.304941644065388262e-07
1.275721067629451144e-07
1.247136775907667361e-07
1.219175453648357887e-07
1.191823914099485182e-07
1.165069252462291871e-07
1.138898965092824400e-07
1.113300737761585557e-07
1.088262375241108582e-07
1.063772120529771215e-07
1.039818285824070654e-07
1.016389563276987040e-07
9.934747799075771546e-08
9.710629831662098699e-08
9.491435448445023626e-08
9.277059217268485147e-08
9.067398905587137348e-08
8.862354019048557241e-08
8.661825556203345267e-08
8.465717292807650729e-08
8.273934405580302132e-08
8.086384511388905461e-08
7.902977013952983132e-08
7.723622477435326816e-08
7.548234463080477630e-08
7.376727385963871564e-08
7.209017391460875723e-08
7.045023176551618027e-08
6.884664247031047069e-08
6.727862280220958668e-08
6.574540428825464966e-08
6.424622954297187771e-08
6.278036873003101093e-08
6.134709515121655743e-08
5.994569664529575403e-08
5.857549068705170114e-08
5.723579211622253915e-08
5.592593909677090469e-08
5.464527471406993575e-08
5.339317357428569055e-08
5.216900522773265658e-08
5.097215671854421482e-08
4.980203418929185499e-08
4.865804855390398753e-08
4.753962981607351423e-08
4.644621479175242706e-08
4.537725669957054508e-08
4.433221356334171581e-08
4.331055991103893721e-08
4.231177986712547634e-08
4.133537048409130499e-08
4.038083973364331447e-08
3.944769546865983800e-08
3.853547018029673810e-08
3.764369920552373960e-08
3.677192750815849731e-08
3.591971804717264405e-08
3.508662785225297176e-08
3.427223345744967453e-08
3.347612347309042446e-08
3.269788572367315904e-08
3.193712260190356700e-08
3.119344330060336290e-08
3.046647161723120556e-08
2.975582722233860444e-08
2.906114666186704332e-08
2.838207347182625240e-08
2.771826266949328765e-08
2.706935879354804841e-08
2.643503683574105478e-08
2.581497270462418392e-08
2.520884183083299535e-08
2.461632304506106150e-08
2.403712348435227408e-08
2.347093239554731703e-08
2.291746781669240507e-08
2.237642874464151888e-08
2.184754607607863885e-08
2.133054609852746974e-08
2.082514939834301249e-08
2.033110333300031103e-08
1.984815050943417036e-08
1.937604507742940463e-08
1.891452915299407511e-08
1.846337423054567051e-08
1.802234367645483282e-08
1.759120293182148131e-08
1.716973723180775790e-08
1.675772465670882783e-08
1.635494815618865339e-08
1.596120211781043574e-08
1.557628118153964181e-08
1.519998927938803757e-08
1.483212478878281892e-08
1.447250595320442867e-08
1.412094132163116411e-08
1.377725173355714983e-08
1.344126081010560414e-08
1.311279417860744534e-08
1.279167936765052138e-08
1.247775690844249441e-08
1.217086188515931200e-08
1.187083844590708370e-08
1.157753541126960162e-08
1.129079888698841794e-08
1.101048153172301536e-08
1.073644129330475483e-08
1.046853932967078959e-08
1.020664279743205283e-08
9.950611836243017372e-09
9.700323363136253985e-09
9.455646108984250287e-09
9.216458663093007875e-09
8.982639231394640156e-09
8.754075214723044951e-09
8.530646735012414883e-09
8.312246820539603842e-09
8.098760155561546270e-09
7.890082803253817278e-09
7.686113813118455873e-09
7.486752136645624667e-09
7.291894641922591624e-09
7.101453813017355454e-09
6.915326952565414853e-09
6.733433221585427564e-09
6.555676196340343154e-09
6.381971856365964424e-09
6.212234366677338304e-09
6.046386002121761916e-09
5.884343789140655812e-09
5.726030944536164569e-09
5.571370998228020177e-09
5.420290411818629028e-09
5.272719179674756340e-09
5.128588835730252260e-09
4.987825790413180638e-09
4.850371915741946705e-09
4.716158687537164163e-09
4.585122140472741581e-09
4.457204101464273815e-09
4.332346573501788534e-09
4.210489797096261810e-09
4.091580417357743027e-09
3.975563038494112078e-09
3.862386577235810137e-09
3.751995971724986223e-09
3.644345230972845240e-09
3.539384808674828076e-09
3.437071884916653719e-09
3.337359147717600116e-09
3.240196137441198054e-09
3.145550829357357525e-09
3.053375803065139227e-09
2.963628907386162137e-09
2.876275343767498160e-09
2.791278303111710546e-09
2.708599688289181628e-09
2.628206013065292890e-09
2.550059932313053501e-09
2.474130332032198343e-09
2.400384013084844170e-09
2.328789079977799936e-09
2.259318866541792925e-09
2.191945834041642005e-09
2.126640257123224576e-09
2.063372587374212586e-09
2.002120955135744396e-09
1.942859169552779708e-09
1.885560629508176156e-09
1.830204972817772724e-09
1.776769298529601304e-09
1.725234533359043532e-09
1.675575226310621613e-09
1.627774922664804169e-09
1.581814715670426530e-09
1.537675321273967999e-09
1.495341064514099649e-09
1.454796114304379717e-09
1.416019287936443050e-09
1.378999242053480234e-09
1.343724262935219738e-09
1.310176410938834746e-09
1.278349000440048844e-09
1.248218521598953856e-09
1.219785195592792970e-09
1.193034410845728033e-09
1.167948674406227294e-09
1.144529648139380740e-09
1.122764221872518675e-09
1.102643430554717252e-09
1.084161193112831434e-09
1.067304450548534067e-09
1.052073918435258992e-09
1.038460015895248389e-09
1.026461403721978805e-09
1.016073690462970802e-09
1.007291863634740547e-09
1.000107899273849910e-09
9.945249025353208872e-10
9.905366223431077977e-10
9.881443198411776763e-10
9.873468449078659503e-10
