5.976022895006039004e-03
5.976673331206439066e-03
5.978624434405638288e-03
5.981875588537910460e-03
5.986425767291636557e-03
5.992273534808884028e-03
5.999417046660598940e-03
6.007854051101851889e-03
6.017581890603335149e-03
6.028597503655891421e-03
6.040897426854680008e-03
6.054477797250712445e-03
6.069334354976446688e-03
6.085462446139472403e-03
6.102857025983010608e-03
6.121512662310396591e-03
6.141423539172879975e-03
6.162583460814413661e-03
6.184985855874375327e-03
6.208623781841476896e-03
6.233489929759444825e-03
6.259576629176533125e-03
6.286875853338924625e-03
6.315379224621386900e-03
6.345078020193711810e-03
6.375963177915694446e-03
6.408025302458764116e-03
6.441254671648272145e-03
6.475641243022411953e-03
6.511174660602719877e-03
6.547844261869745219e-03
6.585639084941280474e-03
6.624547875945296926e-03
6.664559096584365960e-03
6.705660931882767573e-03
6.747841298113954611e-03
6.791087850900434653e-03
6.835387993480018798e-03
6.880728885133607919e-03
6.927097449766661530e-03
6.974480384638770403e-03
7.022864169234588338e-03
7.072235074271043809e-03
7.122579170830090067e-03
7.173882339615772485e-03
7.226130280323622701e-03
7.279308521119326469e-03
7.333402428216811986e-03
7.388397215550984720e-03
7.444277954535533093e-03
7.501029583900975517e-03
7.558636919604871940e-03
7.617084664805290339e-03
7.676357419893475864e-03
7.736439692574342830e-03
7.797315907991875239e-03
7.858970418887528675e-03
7.921387515787886580e-03
7.984551437211828695e-03
8.048446379890467073e-03
8.113056508993798932e-03
8.178365968352419024e-03
8.244358890673347817e-03
8.311019407736291997e-03
8.378331660566729067e-03
8.446279809577850184e-03
8.514848044672479466e-03
8.584020595299390877e-03
8.653781740456667482e-03
8.724115818634053943e-03
8.795007237687391122e-03
8.866440484639276365e-03
8.938400135397012169e-03
9.010870864382819478e-03
9.083837454068377504e-03
9.157284804407167522e-03
9.231197942158458902e-03
9.305562030095471115e-03
9.380362376092576948e-03
9.455584442084108421e-03
9.531213852888659188e-03
9.607236404893720882e-03
9.683638074593048373e-03
9.760405026972701625e-03
9.837523623739935497e-03
9.914980431385528314e-03
9.992762229080853764e-03
1.007085601639837180e-02
1.014924902085392877e-02
1.022792870526342823e-02
1.030688277491118021e-02
1.038609918452379488e-02
1.046556614504648430e-02
1.054527213021436149e-02
1.062520588291865353e-02
1.070535642136058452e-02
1.078571304499140182e-02
1.086626534023127366e-02
1.094700318596941724e-02
1.102791675883507683e-02
1.110899653824237721e-02
1.119023331120189146e-02
1.127161817689889545e-02
1.135314255103347936e-02
1.143479816992196141e-02
1.151657709435585653e-02
1.159847171321862214e-02
1.168047474685415810e-02
1.176257925019194572e-02
1.184477861561974987e-02
1.192706657560918537e-02
1.200943720508945711e-02
1.209188492356938482e-02
1.217440449700749050e-02
1.225699103942873291e-02
1.233964001428902724e-02
1.242234723558607867e-02
1.250510886871811222e-02
1.258792143108816708e-02
1.267078179246008962e-02
1.275368717505906413e-02
1.283663515342442496e-02
1.291962365401311263e-02
1.300265095455421793e-02
1.308571568315858302e-02
1.316881681718221064e-02
1.325195368184789446e-02
1.333512594862709677e-02
1.341833363338063023e-02
1.350157709426627606e-02
1.358485702941075735e-02
1.366817447435328403e-02
1.375153079925972577e-02
1.383492770591199239e-02
1.391836722447881147e-02
1.400185171006512741e-02
1.408538383905016955e-02
1.416896660521374529e-02
1.425260331565644800e-02
1.433629758651755459e-02
1.442005333849433191e-02
1.450387479216816433e-02
1.458776646314047243e-02
1.467173315698508396e-02
1.475577996401963854e-02
1.483991225390268731e-02
1.492413567006004027e-02
1.500845612394699491e-02
1.509287978915038742e-02
1.517741309533651717e-02
1.526206272204994052e-02
1.534683559236935113e-02
1.543173886642515424e-02
1.551677993478614570e-02
1.560196641171854304e-02
1.568730612832647253e-02
1.577280712557613263e-02
1.585847764721345921e-02
1.594432613257934506e-02
1.603036120932729847e-02
1.611659168605353298e-02
1.620302654484140348e-02
1.628967493373065234e-02
1.637654615911302014e-02
1.646364967806682178e-02
1.655099509062965546e-02
1.663859213202192877e-02
1.672645066482394971e-02
1.681458067111391008e-02
1.690299224457472715e-02
1.699169558257307422e-02
1.708070097821931532e-02
1.717001881241619898e-02
1.725965954589744888e-02
1.734963371126846399e-02
1.743995190505234771e-02
1.753062477974806632e-02
1.762166303590684269e-02
1.771307741423489013e-02
1.780487868772492877e-02
1.789707765382669846e-02
1.798968512666118680e-02
1.808271192928095905e-02
1.817616888599060676e-02
1.827006681472384542e-02
1.836441651949108356e-02
1.845922878289718572e-02
1.855451435873936572e-02
1.865028396468834671e-02
1.874654827505908838e-02
1.884331791367574449e-02
1.894060344683842767e-02
1.903841537639275328e-02
1.913676413291173772e-02
1.923566006899232739e-02
1.933511345267138748e-02
1.943513446096703512e-02
1.953573317354992400e-02
1.963691956654692317e-02
1.973870350648365690e-02
1.984109474437031895e-02
1.994410290993173240e-02
2.004773750598945470e-02
2.015200790299759293e-02
2.025692333373554921e-02
2.036249288816271985e-02
2.046872550843661931e-02
2.057562998410047972e-02
2.068321494743927125e-02
2.079148886901108217e-02
2.090046005335291501e-02
2.101013663486750449e-02
2.112052657388860388e-02
2.123163765293217820e-02
2.134347747313086741e-02
2.145605345085735416e-02
2.156937281453505384e-02
2.168344260164148385e-02
2.179826965590114796e-02
2.191386062467404194e-02
2.203022195653644988e-02
2.214735989905702862e-02
2.226528049677062304e-02
2.238398958934506577e-02
2.250349280994864976e-02
2.262379558381030775e-02
2.274490312698085326e-02
2.286682044528778879e-02
2.298955233348831673e-02
2.311310337461824904e-02
2.323747793953609420e-02
2.336268018666162738e-02
2.348871406190855549e-02
2.361558329880997231e-02
2.374329141883438354e-02
2.387184173189216274e-02
2.400123733703052320e-02
2.413148112331470196e-02
2.426257577089344086e-02
2.439452375224865355e-02
2.452732733362408823e-02
2.466098857663215349e-02
2.479550934003788010e-02
2.493089128171485647e-02
2.506713586077125022e-02
2.520424433984419510e-02
2.534221778755854637e-02
2.548105708114639656e-02
2.562076290922513100e-02
2.576133577472988767e-02
2.590277599799833963e-02
2.604508372000099992e-02
2.618825890571821469e-02
2.633230134765465746e-02
2.647721066949174085e-02
2.662298632987131208e-02
2.676962762630794024e-02
2.691713369922463239e-02
2.706550353610859272e-02
2.721473597578169534e-02
2.736482971278192400e-02
2.751578330185078247e-02
2.766759516252234596e-02
2.782026358381053943e-02
2.797378672898623297e-02
2.812816264044343262e-02
2.828338924464859905e-02
2.843946435716526722e-02
2.859638568775441092e-02
2.875415084554092116e-02
2.891275734424297861e-02
2.907220260745987939e-02
2.923248397401218002e-02
2.939359870332983182e-02
2.955554398088283685e-02
2.971831692364909627e-02
2.988191458561509362e-02
3.004633396330369521e-02
3.021157200132368326e-02
3.037762559793738548e-02
3.054449161063946261e-02
3.071216686174191302e-02
3.088064814396312974e-02
3.104993222601146186e-02
3.122001585816155944e-02
3.139089577781742357e-02
3.156256871505769279e-02
3.173503139815700425e-02
3.190828055907998784e-02
3.208231293894311942e-02
3.225712529343735535e-02
3.243271439821118762e-02
3.260907705420465486e-02
3.278621009293272714e-02
3.296411038171395691e-02
3.314277482883673520e-02
3.332220038866232081e-02
3.350238406665961843e-02
3.368332292436451714e-02
3.386501408426415005e-02
3.404745473459941385e-02
3.423064213408100187e-02
3.441457361651942271e-02
3.459924659535876246e-02
3.478465856811588375e-02
3.497080712072112019e-02
3.515768993175319435e-02
3.534530477656824821e-02
3.553364953132046034e-02
3.572272217686814355e-02
3.591252080256504553e-02
3.610304360993224493e-02
3.629428891620947728e-02
3.648625515778156081e-02
3.667894089347928377e-02
3.687234480775072876e-02
3.706646571370128540e-02
3.726130255600254571e-02
3.745685441366286561e-02
3.765312050266358956e-02
3.785010017845605312e-02
3.804779293831761500e-02
3.824619842356619115e-02
3.844531642163334650e-02
3.864514686799067067e-02
3.884568984793393409e-02
3.904694559821819677e-02
3.924891450854986474e-02
3.945159712292725662e-02
3.965499414083642482e-02
3.985910641829715217e-02
4.006393496876195504e-02
4.026948096386462339e-02
4.047574573402212827e-02
4.068273076888775930e-02
4.089043771765571433e-02
4.109886838921927854e-02
4.130802475218245395e-02
4.151790893472309674e-02
4.172852322431452876e-02
4.193987006729965605e-02
4.215195206832403341e-02
4.236477198962596002e-02
4.257833275018649277e-02
4.279263742474079257e-02
4.300768924265060966e-02
4.322349158664343105e-02
4.344004799141490403e-02
4.365736214210311217e-02
4.387543787262762618e-02
4.409427916390729063e-02
4.431389014194694886e-02
4.453427507580473566e-02
4.475543837543757841e-02
4.497738458942832085e-02
4.520011840259879898e-02
4.542364463350936910e-02
4.564796823184899544e-02
4.587309427571950593e-02
4.609902796881495957e-02
4.632577463750114921e-02
4.655333972779773788e-02
4.678172880226674768e-02
4.701094753680920557e-02
4.724100171737510845e-02
4.747189723658978844e-02
4.770364009029978702e-02
4.793623637404181848e-02
4.816969227943773690e-02
4.840401409052283443e-02
4.863920818000533330e-02
4.887528100546575938e-02
4.911223910549722405e-02
4.935008909579344238e-02
4.958883766518373815e-02
4.982849157162358433e-02
5.006905763814242794e-02
5.031054274875168542e-02
5.055295384432018091e-02
5.079629791841697162e-02
5.104058201313035892e-02
5.128581321486100353e-02
5.153199865009944203e-02
5.177914548118786597e-02
5.202726090207029919e-02
5.227635213403927783e-02
5.252642642147692387e-02
5.277749102759884958e-02
5.302955323020405731e-02
5.328262031743249971e-02
5.353669958353743374e-02
5.379179832467359534e-02
5.404792383470788386e-02
5.430508340105258402e-02
5.456328430052884149e-02
5.482253379526177972e-02
5.508283912861069997e-02
5.534420752113988762e-02
5.560664616663194004e-02
5.587016222814727984e-02
5.613476283413376677e-02
5.640045507459018337e-02
5.666724599728548140e-02
5.693514260403892413e-02
5.720415184706192924e-02
5.747428062536788507e-02
5.774553578124977382e-02
5.801792409682940410e-02
5.829145229068435907e-02
5.856612701455007897e-02
5.884195485010260129e-02
5.911894230582723231e-02
5.939709581396848681e-02
5.967642172757206542e-02
5.995692631761456726e-02
6.023861577022768254e-02
6.052149618401528319e-02
6.080557356746937869e-02
6.109085383648349410e-02
6.137734281196680075e-02
6.166504621756099813e-02
6.195396967746097383e-02
6.224411871434148980e-02
6.253549874738933978e-02
6.282811509044608500e-02
6.312197295025803734e-02
6.341707742483804200e-02
6.371343350193900412e-02
6.401104605763885402e-02
6.430991985503967112e-02
6.461005954308046695e-02
6.491146965546421010e-02
6.521415460969975930e-02
6.551811870625945389e-02
6.582336612785186225e-02
6.612990093880982689e-02
6.643772708459408372e-02
6.674684839141373227e-02
6.705726856595981000e-02
6.736899119525496804e-02
6.768201974661769427e-02
6.799635756774038975e-02
6.831200788688029935e-02
6.862897381316443446e-02
6.894725833700302009e-02
6.926686433061868264e-02
6.958779454867999870e-02
6.991005162904787018e-02
7.023363809362712096e-02
7.055855634932414744e-02
7.088480868910923549e-02
7.121239729318354361e-02
7.154132423024409104e-02
7.187159145885183009e-02
7.220320082889528090e-02
7.253615408315167157e-02
7.287045285894114266e-02
7.320609868987279500e-02
7.354309300768147040e-02
7.388143714415204566e-02
7.422113233312810365e-02
7.456217971260492572e-02
7.490458032690147649e-02
7.524833512891279663e-02
7.559344498243586452e-02
7.593991066456934336e-02
7.628773286818360533e-02
7.663691220445850716e-02
7.698744920548489246e-02
7.733934432693026495e-02
7.769259795076111086e-02
7.804721038802278632e-02
7.840318188167236246e-02
7.876051260946234644e-02
7.911920268687011593e-02
7.947925217007326126e-02
7.984066105896389653e-02
8.020342930020424310e-02
8.056755679031238349e-02
8.093304337878393095e-02
8.129988887124031671e-02
8.166809303260161301e-02
8.203765559028358689e-02
8.240857623741057458e-02
8.278085463604722971e-02
8.315449042044115169e-02
8.352948320027336893e-02
8.390583256391762057e-02
8.428353808170113703e-02
8.466259930916386622e-02
8.504301579031642300e-02
8.542478706088882379e-02
8.580791265157189374e-02
8.619239209124368584e-02
8.657822491018063449e-02
8.696541064324947445e-02
8.735394883307687208e-02
8.774383903319421529e-02
8.813508081115328796e-02
8.852767375161219032e-02
8.892161745938620410e-02
8.931691156246213126e-02
8.971355571497319215e-02
9.011154960013134652e-02
9.051089293311492812e-02
9.091158546390817885e-02
9.131362698009035106e-02
9.171701730957251830e-02
9.212175632327884722e-02
9.252784393776949945e-02
9.293528011780599618e-02
9.334406487885019144e-02
9.375419828950287693e-02
9.416568047387280371e-02
9.457851161387886840e-02
9.499269195148096756e-02
9.540822179083718879e-02
9.582510150038892061e-02
9.624333151486824667e-02
9.666291233722684728e-02
9.708384454048737955e-02
9.750612876951314512e-02
9.792976574269374179e-02
9.835475625354986318e-02
9.878110117225114006e-02
9.920880144704860570e-02
9.963785810561927303e-02
1.000682722563236565e-01
1.005000450893730607e-01
1.009331778779074262e-01
1.013676719789820824e-01
1.018035288344645989e-01
1.022407499718372831e-01
1.026793370049099430e-01
1.031192916344383370e-01
1.035606156486501978e-01
1.040033109236779690e-01
1.044473794238985204e-01
1.048928232021797274e-01
1.053396444000329613e-01
1.057878452476736092e-01
1.062374280639883789e-01
1.066883952564109811e-01
1.071407493207040540e-01
1.075944928406515622e-01
1.080496284876589358e-01
1.085061590202645310e-01
1.089640872835603985e-01
1.094234162085250955e-01
1.098841488112684422e-01
1.103462881921913191e-01
1.108098375350576176e-01
1.112748001059841590e-01
1.117411792523454461e-01
1.122089784015995184e-01
1.126782010600306250e-01
1.131488508114140284e-01
1.136209313156050088e-01
1.140944463070506648e-01
1.145693995932279829e-01
1.150457950530092144e-01
1.155236366349585292e-01
1.160029283555575746e-01
1.164836742973679867e-01
1.169658786071241519e-01
1.174495454937684313e-01
1.179346792264227284e-01
1.184212841323024207e-01
1.189093645945746430e-01
1.193989250501618221e-01
1.198899699874935998e-01
1.203825039442103784e-01
1.208765315048178357e-01
1.213720572982983359e-01
1.218690859956802208e-01
1.223676223075668562e-01
1.228676709816267920e-01
1.233692368000523648e-01
1.238723245769832448e-01
1.243769391559022969e-01
1.248830854070020757e-01
1.253907682245298250e-01
1.258999925241071627e-01
1.264107632400326975e-01
1.269230853225670197e-01
1.274369637352047446e-01
1.279524034519335385e-01
1.284694094544848175e-01
1.289879867295791738e-01
1.295081402661666659e-01
1.300298750526688307e-01
1.305531960742173370e-01
1.310781083099040178e-01
1.316046167300310432e-01
1.321327262933743585e-01
1.326624419444584757e-01
1.331937686108441987e-01
1.337267112004357217e-01
1.342612745988049638e-01
1.347974636665389414e-01
1.353352832366128133e-01
1.358747381117852149e-01
1.364158330620288684e-01
1.369585728219864795e-01
1.375029620884649917e-01
1.380490055179630915e-01
1.385967077242369339e-01
1.391460732759073893e-01
1.396971066941086748e-01
1.402498124501813936e-01
1.408041949634123435e-01
1.413602585988211757e-01
1.419180076649991240e-01
1.424774464119985540e-01
1.430385790292773573e-01
1.436014096436971088e-01
1.441659423175793986e-01
1.447321810468222836e-01
1.453001297590728602e-01
1.458697923119670059e-01
1.464411724914281010e-01
1.470142740100309209e-01
1.475891005054342509e-01
1.481656555388751462e-01
1.487439425937372994e-01
1.493239650741820523e-01
1.499057263038556798e-01
1.504892295246640366e-01
1.510744778956184808e-01
1.516614744917571533e-01
1.522502223031384216e-01
1.528407242339072103e-01
1.534329831014357437e-01
1.540270016355424487e-01
1.546227824777824944e-01
1.552203281808136048e-01
1.558196412078430571e-01
1.564207239321449561e-01
1.570235786366547259e-01
1.576282075136448690e-01
1.582346126644685880e-01
1.588427960993871180e-01
1.594527597374681971e-01
1.600645054065608641e-01
1.606780348433476391e-01
1.612933496934685074e-01
1.619104515117220089e-01
1.625293417623377978e-01
1.631500218193227547e-01
1.637724929668812057e-01
1.643967563999049475e-01
1.650228132245347701e-01
1.656506644587916743e-01
1.662803110332778112e-01
1.669117537919435901e-01
1.675449934929250095e-01
1.681800308094426322e-01
1.688168663307667294e-01
1.694555005632478184e-01
1.700959339314054297e-01
1.707381667790793256e-01
1.713821993706410307e-01
1.720280318922587925e-01
1.726756644532247142e-01
1.733250970873305152e-01
1.739763297542989973e-01
1.746293623412668028e-01
1.752841946643171611e-01
1.759408264700570990e-01
1.765992574372435564e-01
1.772594871784540782e-01
1.779215152417959744e-01
1.785853411126601675e-01
1.792509642155096505e-01
1.799183839157071918e-01
1.805875995213747642e-01
1.812586102852881687e-01
1.819314154067986911e-01
1.826060140337847637e-01
1.832824052646309931e-01
1.839605881502286988e-01
1.846405616959978790e-01
1.853223248639333798e-01
1.860058765746625542e-01
1.866912157095231006e-01
1.873783411126516973e-01
1.880672515930841837e-01
1.887579459268650117e-01
1.894504228591630812e-01
1.901446811063920994e-01
1.908407193583331884e-01
1.915385362802580760e-01
1.922381305150508424e-01
1.929395006853228955e-01
1.936426453955252258e-01
1.943475632340509740e-01
1.950542527753259259e-01
1.957627125818884317e-01
1.964729412064542269e-01
1.971849371939645434e-01
1.978986990836145710e-01
1.986142254108633765e-01
1.993315147094191775e-01
2.000505655131996074e-01
2.007713763582695543e-01
2.014939457847443882e-01
2.022182723386685976e-01
2.029443545738595645e-01
2.036721910537174773e-01
2.044017803530009392e-01
2.051331210595652710e-01
2.058662117760612642e-01
2.066010511215932433e-01
2.073376377333370213e-01
2.080759702681125034e-01
2.088160474039113812e-01
2.095578678413805296e-01
2.103014303052560818e-01
2.110467335457480442e-01
2.117937763398762274e-01
2.125425574927528038e-01
2.132930758388153769e-01
2.140453302430033455e-01
2.147993196018807005e-01
2.155550428447034483e-01
2.163124989344304416e-01
2.170716868686758949e-01
2.178326056806060562e-01
2.185952544397727348e-01
2.193596322528921228e-01
2.201257382645600280e-01
2.208935716579074060e-01
2.216631316551944397e-01
2.224344175183425865e-01
2.232074285494076715e-01
2.239821640909840927e-01
2.247586235265525700e-01
2.255368062807632801e-01
2.263167118196544314e-01
2.270983396508099161e-01
2.278816893234533736e-01
2.286667604284789435e-01
2.294535525984198188e-01
2.302420655073545430e-01
2.310322988707504688e-01
2.318242524452448772e-01
2.326179260283659511e-01
2.334133194581919368e-01
2.342104326129482161e-01
2.350092654105473688e-01
2.358098178080655916e-01
2.366120898011658258e-01
2.374160814234578809e-01
2.382217927458017415e-01
2.390292238755585830e-01
2.398383749557825573e-01
2.406492461643557068e-01
2.414618377130774152e-01
2.422761498466907693e-01
2.430921828418671771e-01
2.439099370061324490e-01
2.447294126767492473e-01
2.455506102195489648e-01
2.463735300277176132e-01
2.471981725205343594e-01
2.480245381420702888e-01
2.488526273598399008e-01
2.496824406634137461e-01
2.505139785629905691e-01
2.513472415879317023e-01
2.521822302852569364e-01
2.530189452181073051e-01
2.538573869641739811e-01
2.546975561140916167e-01
2.555394532698071486e-01
2.563830790429146300e-01
2.572284340529663038e-01
2.580755189257550875e-01
2.589243342915781287e-01
2.597748807834737717e-01
2.606271590354399259e-01
2.614811696806367824e-01
2.623369133495674910e-01
2.631943906682505108e-01
2.640536022563723106e-01
2.649145487254345732e-01
2.657772306768886317e-01
2.666416487002638558e-01
2.675078033712894876e-01
2.683756952500128135e-01
2.692453248789159481e-01
2.701166927810311202e-01
2.709897994580577341e-01
2.718646453884850378e-01
2.727412310257156802e-01
2.736195567961990371e-01
2.744996230975738083e-01
2.753814302968178862e-01
2.762649787284143788e-01
2.771502686925265690e-01
2.780373004531940806e-01
2.789260742365415879e-01
2.798165902290083995e-01
2.807088485755984686e-01
2.816028493781526088e-01
2.824985926936432468e-01
2.833960785324958209e-01
2.842953068569364361e-01
2.851962775793673299e-01
2.860989905607713712e-01
2.870034456091505870e-01
2.879096424779925556e-01
2.888175808647755471e-01
2.897272604095036952e-01
2.906386806932834688e-01
2.915518412369346168e-01
2.924667414996399151e-01
2.933833808776373231e-01
2.943017587029496673e-01
2.952218742421593434e-01
2.961437266952247627e-01
2.970673151943407642e-01
2.979926388028448780e-01
2.989196965141678319e-01
2.998484872508334065e-01
3.007790098635023668e-01
3.017112631300672976e-01
3.026452457547943453e-01
3.035809563675176403e-01
3.045183935228776839e-01
3.054575556996175778e-01
3.063984412999239404e-01
3.073410486488240001e-01
3.082853759936324267e-01
3.092314215034495106e-01
3.101791832687121331e-01
3.111286593008000811e-01
3.120798475316906018e-01
3.130327458136697993e-01
3.139873519190928275e-01
3.149436635402022566e-01
3.159016782889950692e-01
3.168613936971426126e-01
3.178228072159662854e-01
3.187859162164615734e-01
3.197507179893784302e-01
3.207172097453495629e-01
3.216853886150721764e-01
3.226552516495406198e-01
3.236267958203297157e-01
3.246000180199279384e-01
3.255749150621194965e-01
3.265514836824167655e-01
3.275297205385399590e-01
3.285096222109442632e-01
3.294911852033948763e-01
3.304744059435867909e-01
3.314592807838120936e-01
3.324458060016683980e-01
3.334339778008139632e-01
3.344237923117627242e-01
3.354152455927233434e-01
3.364083336304776184e-01
3.374030523412973603e-01
3.383993975719016833e-01
3.393973651004512093e-01
3.403969506375775778e-01
3.413981498274466508e-01
3.424009582488607428e-01
3.434053714163861626e-01
3.444113847815178375e-01
3.454189937338708605e-01
3.464281936024019570e-01
3.474389796566565991e-01
3.484513471080447622e-01
3.494652911111382765e-01
3.504808067649938796e-01
3.514978891144947548e-01
3.525165331517171596e-01
3.535367338173100449e-01
3.545584860018967110e-01
3.555817845474908423e-01
3.566066242489246974e-01
3.576329998552951195e-01
3.586609060714143205e-01
3.596903375592775398e-01
3.607212889395339239e-01
3.617537547929656760e-01
3.627877296619729797e-01
3.638232080520645839e-01
3.648601844333457800e-01
3.658986532420113180e-01
3.669386088818377689e-01
3.679800457256694468e-01
3.690229581169058859e-01
3.700673403709812681e-01
3.711131867768355796e-01
3.721604915983831030e-01
3.732092490759656433e-01
3.742594534277975393e-01
3.753110988513994606e-01
3.763641795250153299e-01
3.774186896090152565e-01
3.784746232472851468e-01
3.795319745685930002e-01
3.805907376879390513e-01
3.816509067078891482e-01
3.827124757198768212e-01
3.837754388054928634e-01
3.848397900377449332e-01
3.859055234822932334e-01
3.869726331986590440e-01
3.880411132414077202e-01
3.891109576613018817e-01
3.901821605064241805e-01
3.912547158232719258e-01
3.923286176578159035e-01
3.934038600565315513e-01
3.944804370673939409e-01
3.955583427408372321e-01
3.966375711306827090e-01
3.977181162950271243e-01
3.987999722970961836e-01
3.998831332060615029e-01
4.009675930978169878e-01
4.020533460557194627e-01
4.031403861712858916e-01
4.042287075448568467e-01
4.053183042862129049e-01
4.064091705151549050e-01
4.075013003620411856e-01
4.085946879682852972e-01
4.096893274868062540e-01
4.107852130824448111e-01
4.118823389323297279e-01
4.129806992262058940e-01
4.140802881667177693e-01
4.151810999696517457e-01
4.162831288641322125e-01
4.173863690927778758e-01
4.184908149118143350e-01
4.195964605911424172e-01
4.207033004143646560e-01
4.218113286787693594e-01
4.229205396952725460e-01
4.240309277883147487e-01
4.251424872957211276e-01
4.262552125685146742e-01
4.273690979706915027e-01
4.284841378789545074e-01
4.296003266824051647e-01
4.307176587821974212e-01
4.318361285911512248e-01
4.329557305333271988e-01
4.340764590435630677e-01
4.351983085669712259e-01
4.363212735584038882e-01
4.374453484818751625e-01
4.385705278099530924e-01
4.396968060231147835e-01
4.408241776090670583e-01
4.419526370620350253e-01
4.430821788820190621e-01
4.442127975740178258e-01
4.453444876472236191e-01
4.464772436141871137e-01
4.476110599899533193e-01
4.487459312911697418e-01
4.498818520351713368e-01
4.510188167390333791e-01
4.521568199186075665e-01
4.532958560875297582e-01
4.544359197562066743e-01
4.555770054307841654e-01
4.567191076120917237e-01
4.578622207945707845e-01
4.590063394651857087e-01
4.601514581023167239e-01
4.612975711746390983e-01
4.624446731399889932e-01
4.635927584442147142e-01
4.647418215200176395e-01
4.658918567857845972e-01
4.670428586444091423e-01
4.681948214821048948e-01
4.693477396672146029e-01
4.705016075490129346e-01
4.716564194565054935e-01
4.728121696972240051e-01
4.739688525560240562e-01
4.751264622938775051e-01
4.762849931466709430e-01
4.774444393240023232e-01
4.786047950079846403e-01
4.797660543520543275e-01
4.809282114797820418e-01
4.820912604836953275e-01
4.832551954241080527e-01
4.844200103279589498e-01
4.855856991876628115e-01
4.867522559599715137e-01
4.879196745648500810e-01
4.890879488843672407e-01
4.902570727615991886e-01
4.914270399995546157e-01
4.925978443601100598e-01
4.937694795629725686e-01
4.949419392846560739e-01
4.961152171574790271e-01
4.972893067685884017e-01
4.984642016589994062e-01
4.996398953226648398e-01
5.008163812055665964e-01
5.019936527048314279e-01
5.031717031678741847e-01
5.043505258915701450e-01
5.055301141214515459e-01
5.067104610509333140e-01
5.078915598205728799e-01
5.090734035173525296e-01
5.102559851739985053e-01
5.114392977683287489e-01
5.126233342226333978e-01
5.138080874030881429e-01
5.149935501191978959e-01
5.161797151232785374e-01
5.173665751099698618e-01
5.185541227157822730e-01
5.197423505186792303e-01
5.209312510376983285e-01
5.221208167325988025e-01
5.233110400035561049e-01
5.245019131908840171e-01
5.256934285747960622e-01
5.268855783752036670e-01
5.280783547515505161e-01
5.292717498026817680e-01
5.304657555667540159e-01
5.316603640211768900e-01
5.328555670825944057e-01
5.340513566069040596e-01
5.352477243893081216e-01
5.364446621644064495e-01
5.376421616063202791e-01
5.388402143288587576e-01
5.400388118857127884e-01
5.412379457706927299e-01
5.424376074179964036e-01
5.436377882025128505e-01
5.448384794401622822e-01
5.460396723882690040e-01
5.472413582459660919e-01
5.484435281546389263e-01
5.496461731983948162e-01
5.508492844045707049e-01
5.520528527442675193e-01
5.532568691329204924e-01
5.544613244308952416e-01
5.556662094441190414e-01
5.568715149247351892e-01
5.580772315717910104e-01
5.592833500319522866e-01
5.604898609002411103e-01
5.616967547208069345e-01
5.629040219877162743e-01
5.641116531457710526e-01
5.653196385913505928e-01
5.665279686732747066e-01
5.677366336936900959e-01
5.689456239089784040e-01
5.701549295306841403e-01
5.713645407264598131e-01
5.725744476210351541e-01
5.737846402971976678e-01
5.749951087967919428e-01
5.762058431217370602e-01
5.774168332350549937e-01
5.786280690619128864e-01
5.798395404906819817e-01
5.810512373740008840e-01
5.822631495298559168e-01
5.834752667426692518e-01
5.846875787643912581e-01
5.859000753156062835e-01
5.871127460866418790e-01
5.883255807386822411e-01
5.895385689048869837e-01
5.907517001915152388e-01
5.919649641790469818e-01
5.931783504233107962e-01
5.943918484566085292e-01
5.956054477888387266e-01
5.968191379086204007e-01
5.980329082844119126e-01
5.992467483656265248e-01
6.004606475837415136e-01
6.016745953534043956e-01
6.028885810735294948e-01
6.041025941283871825e-01
6.053166238886840134e-01
6.065306597126333132e-01
6.077446909470154424e-01
6.089587069282261789e-01
6.101726969833094483e-01
6.113866504309822814e-01
6.126005565826414534e-01
6.138144047433538031e-01
6.150281842128357823e-01
6.162418842864096913e-01
6.174554942559475901e-01
6.186690034107928948e-01
6.198824010386659866e-01
6.210956764265489483e-01
6.223088188615464311e-01
6.235218176317327554e-01
6.247346620269675910e-01
6.259473413397002028e-01
6.271598448657398350e-01
6.283721619050088858e-01
6.295842817622707699e-01
6.307961937478330228e-01
6.320078871782235375e-01
6.332193513768450410e-01
6.344305756745980407e-01
6.356415494104835640e-01
6.368522619321735911e-01
6.380627025965587285e-01
6.392728607702646837e-01
6.404827258301444282e-01
6.416922871637400494e-01
6.429015341697164043e-01
6.441104562582704585e-01
6.453190428515043209e-01
6.465272833837776290e-01
6.477351673020270706e-01
6.489426840660572626e-01
6.501498231488037627e-01
6.513565740365678813e-01
6.525629262292187427e-01
6.537688692403730295e-01
6.549743925975407555e-01
6.561794858422451693e-01
6.573841385301129048e-01
6.585883402309373746e-01
6.597920805287107449e-01
6.609953490216344818e-01
6.621981353220955935e-01
6.634004290566192230e-01
6.646022198657952629e-01
6.658034974041755483e-01
6.670042513401439610e-01
6.682044713557684368e-01
6.694041471466174453e-01
6.706032684215570416e-01
6.718018249025239363e-01
6.729998063242712547e-01
6.741972024340957548e-01
6.753940029915352916e-01
6.765901977680521817e-01
6.777857765466861473e-01
6.789807291216932716e-01
6.801750452981608630e-01
6.813687148916023339e-01
6.825617277275337624e-01
6.837540736410316899e-01
6.849457424762764868e-01
6.861367240860674066e-01
6.873270083313365308e-01
6.885165850806345134e-01
6.897054442096103299e-01
6.908935756004688233e-01
6.920809691414200326e-01
6.932676147261168653e-01
6.944535022530767820e-01
6.956386216250937116e-01
6.968229627486429711e-01
6.980065155332727533e-01
6.991892698909900616e-01
7.003712157356341006e-01
7.015523429822516643e-01
7.027326415464572040e-01
7.039121013437934504e-01
7.050907122890852641e-01
7.062684642957917092e-01
7.074453472753541305e-01
7.086213511365411222e-01
7.097964657847989356e-01
7.109706811215904532e-01
7.121439870437503705e-01
7.133163734428255021e-01
7.144878302044299634e-01
7.156583472075981334e-01
7.168279143241411688e-01
7.179965214180132893e-01
7.191641583446776176e-01
7.203308149504834557e-01
7.214964810720453370e-01
7.226611465356396202e-01
7.238248011565975304e-01
7.249874347387195161e-01
7.261490370736909394e-01
7.273095979405160838e-01
7.284691071049586020e-01
7.296275543189947310e-01
7.307849293202841601e-01
7.319412218316513341e-01
7.330964215605796364e-01
7.342505181987271090e-01
7.354035014214468369e-01
7.365553608873385283e-01
7.377060862378013173e-01
7.388556670966165418e-01
7.400040930695417352e-01
7.411513537439247123e-01
7.422974386883368636e-01
7.434423374522262096e-01
7.445860395655878872e-01
7.457285345386607256e-01
7.468698118616368120e-01
7.480098610043994789e-01
7.491486714162767235e-01
7.502862325258193854e-01
7.514225337406025274e-01
7.525575644470477998e-01
7.536913140102643460e-01
7.548237717739225694e-01
7.559549270601407800e-01
7.570847691693985970e-01
7.582132873804792172e-01
7.593404709504242289e-01
7.604663091145222875e-01
7.615907910863166652e-01
7.627139060576366703e-01
7.638356431986540462e-01
7.649559916579611318e-01
7.660749405626787745e-01
7.671924790185762344e-01
7.683085961102319450e-01
7.694232809011976038e-01
7.705365224342051178e-01
7.716483097313828754e-01
7.727586317945025485e-01
7.738674776052452131e-01
7.749748361254932272e-01
7.760806962976412038e-01
7.771850470449368498e-01
7.782878772718291316e-01
7.793891758643559653e-01
7.804889316905389007e-01
7.815871336008067827e-01
7.826837704284416164e-01
7.837788309900315387e-01
7.848723040859646449e-01
7.859641785009225945e-01
7.870544430044049689e-01
7.881430863512692842e-01
7.892300972822874350e-01
7.903154645247212340e-01
7.913991767929141607e-01
7.924812227889047600e-01
7.935615912030455910e-01
7.946402707146476008e-01
7.957172499926356002e-01
7.967925176962166178e-01
7.978660624755654629e-01
7.989378729725197248e-01
8.000079378212900938e-01
8.010762456491842265e-01
8.021427850773348300e-01
8.032075447214448438e-01
8.042705131925433903e-01
8.053316790977443906e-01
8.063910310410187243e-01
8.074485576239766038e-01
8.085042474466508367e-01
8.095580891082918562e-01
8.106100712081631965e-01
8.116601823463531762e-01
8.127084111245787001e-01
8.137547461469955001e-01
8.147991760210224754e-01
8.158416893581525997e-01
8.168822747747770396e-01
8.179209208930069419e-01
8.189576163414915566e-01
8.199923497562453534e-01
8.210251097814633692e-01
8.220558850703428844e-01
8.230846642859013240e-01
8.241114361017851664e-01
8.251361892030858458e-01
8.261589122871422219e-01
8.271795940643416056e-01
8.281982232589149007e-01
8.292147886097269716e-01
8.302292788710571303e-01
8.312416828133759594e-01
8.322519892241085904e-01
8.332601869083986479e-01
8.342662646898496570e-01
8.352702114112720011e-01
8.362720159354044558e-01
8.372716671456380544e-01
8.382691539467189701e-01
8.392644652654466242e-01
8.402575900513520324e-01
8.412485172773709330e-01
8.422372359404992626e-01
8.432237350624340877e-01
8.442080036902047668e-01
8.451900308967850162e-01
8.461698057816902097e-01
8.471473174715665744e-01
8.481225551207529634e-01
8.490955079118354121e-01
8.500661650561830429e-01
8.510345157944689820e-01
8.520005493971669619e-01
8.529642551650389315e-01
8.539256224296060127e-01
8.548846405535931448e-01
8.558412989313641805e-01
8.567955869893340015e-01
8.577474941863676428e-01
8.586970100141531059e-01
8.596441239975651794e-01
8.605888256950040560e-01
8.615311046987164101e-01
8.624709506351027066e-01
8.634083531649964227e-01
8.643433019839363851e-01
8.652757868224094651e-01
8.662057974460818377e-01
8.671333236560079261e-01
8.680583552888248011e-01
8.689808822169213798e-01
8.699008943485965206e-01
8.708183816281958034e-01
8.717333340362267702e-01
8.726457415894648406e-01
8.735555943410323598e-01
8.744628823804641016e-01
8.753675958337598928e-01
8.762697248634099267e-01
8.771692596684124155e-01
8.780661904842728127e-01
8.789605075829797221e-01
8.798522012729774744e-01
8.807412618991110609e-01
8.816276798425620731e-01
8.825114455207695441e-01
8.833925493873343582e-01
8.842709819319097830e-01
8.851467336800773467e-01
8.860197951932144989e-01
8.868901570683400681e-01
8.877578099379583865e-01
8.886227444698786559e-01
8.894849513670343155e-01
8.903444213672834229e-01
8.912011452432033742e-01
8.920551138018698589e-01
8.929063178846322613e-01
8.937547483668742965e-01
8.946003961577703167e-01
8.954432522000302930e-01
8.962833074696374691e-01
8.971205529755801322e-01
8.979549797595772764e-01
8.987865788957956070e-01
8.996153414905598833e-01
9.004412586820652598e-01
9.012643216400773039e-01
9.020845215656299043e-01
9.029018496907259550e-01
9.037162972780226067e-01
9.045278556205282872e-01
9.053365160412870649e-01
9.061422698930688968e-01
9.069451085580534366e-01
9.077450234475175073e-01
9.085420060015222399e-01
9.093360476886023225e-01
9.101271400054505856e-01
9.109152744766138010e-01
9.117004426541815976e-01
9.124826361174875888e-01
9.132618464728061713e-01
9.140380653530575383e-01
9.148112844175155800e-01
9.155814953515226673e-01
9.163486898662063229e-01
9.171128596982069947e-01
9.178739966094037195e-01
9.186320923866603261e-01
9.193871388415628676e-01
9.201391278101761495e-01
9.208880511528052537e-01
9.216339007537622807e-01
9.223766685211478578e-01
9.231163463866354224e-01
9.238529263052720486e-01
9.245864002552813821e-01
9.253167602378867818e-01
9.260439982771326850e-01
9.267681064197293983e-01
9.274890767349011078e-01
9.282069013142471015e-01
9.289215722716147594e-01
9.296330817429914184e-01
9.303414218863910179e-01
9.310465848817770507e-01
9.317485629309727457e-01
9.324473482576107752e-01
9.331429331070700828e-01
9.338353097464457964e-01
9.345244704645201406e-01
9.352104075717554421e-01
9.358931134002912433e-01
9.365725803039661734e-01
9.372488006583451492e-01
9.379217668607597869e-01
9.385914713303704637e-01
9.392579065082361511e-01
9.399210648573970150e-01
9.405809388629755574e-01
9.412375210322879715e-01
9.418908038949688200e-01
9.425407800031148087e-01
9.431874419314326685e-01
9.438307822774101297e-01
9.444707936614944455e-01
9.451074687272843500e-01
9.457408001417378918e-01
9.463707805953915919e-01
9.469974028025918145e-01
9.476206595017386825e-01
9.482405434555433166e-01
9.488570474512985076e-01
9.494701643011559389e-01
9.500798868424220611e-01
9.506862079378572972e-01
9.512891204759961195e-01
9.518886173714697918e-01
9.524846915653433221e-01
9.530773360254602977e-01
9.536665437468011541e-01
9.542523077518475505e-01
9.548346210909572918e-01
9.554134768427513524e-01
9.559888681145005673e-01
9.565607880425311960e-01
9.571292297926301540e-01
9.576941865604625681e-01
9.582556515719913293e-01
9.588136180839110789e-01
9.593680793840781984e-01
9.599190287919553422e-01
9.604664596590556380e-01
9.610103653693955472e-01
9.615507393399506109e-01
9.620875750211126398e-01
9.626208658971553422e-01
9.631506054867006172e-01
9.636767873431869580e-01
9.641994050553399642e-01
9.647184522476486279e-01
9.652339225808350687e-01
9.657458097523345941e-01
9.662541074967688770e-01
9.667588095864234621e-01
9.672599098317196109e-01
9.677574020816961387e-01
9.682512802244749306e-01
9.687415381877368947e-01
9.692281699391880334e-01
9.697111694870317322e-01
9.701905308804251726e-01
9.706662482099448486e-01
9.711383156080393153e-01
9.716067272494841589e-01
9.720714773518250862e-01
9.725325601758243454e-01
9.729899700258942685e-01
9.734437012505270381e-01
9.738937482427230119e-01
9.743401054404032813e-01
9.747827673268232296e-01
9.752217284309754319e-01
9.756569833279840065e-01
9.760885266394928594e-01
9.765163530340434939e-01
9.769404572274472676e-01
9.773608339831454384e-01
9.777774781125607717e-01
9.781903844754404886e-01
9.785995479801901098e-01
9.790049635841930886e-01
9.794066262941281131e-01
9.798045311662637591e-01
9.801986733067552526e-01
9.805890478719228032e-01
9.809756500685203884e-01
9.813584751539914386e-01
9.817375184367180818e-01
9.821127752762524032e-01
9.824842410835428197e-01
9.828519113211408031e-01
9.832157815034014980e-01
9.835758471966711269e-01
9.839321040194612955e-01
9.842845476426088647e-01
9.846331737894292724e-01
9.849779782358524249e-01
9.853189568105485963e-01
9.856561053950404494e-01
9.859894199238057322e-01
9.863188963843650958e-01
9.866445308173563689e-01
9.869663193166008375e-01
9.872842580291563142e-01
9.875983431553521097e-01
9.879085709488202305e-01
9.882149377165159176e-01
9.885174398187102085e-01
9.888160736689937114e-01
9.891108357342539570e-01
9.894017225346425359e-01
9.896887306435406817e-01
9.899718566874990966e-01
9.902510973461824406e-01
9.905264493522921709e-01
9.907979094914833862e-01
9.910654746022729000e-01
9.913291415759333258e-01
9.915889073563831646e-01
9.918447689400623490e-01
9.920967233757997938e-01
9.923447677646782816e-01
9.925888992598818072e-01
9.928291150665384812e-01
9.930654124415612127e-01
9.932977886934694078e-01
9.935262411822143314e-01
9.937507673189928115e-01
9.939713645660528396e-01
9.941880304364960619e-01
9.944007624940740531e-01
9.946095583529773743e-01
9.948144156776229652e-01
9.950153321824297681e-01
9.952123056316015681e-01
9.954053338388921812e-01
9.955944146673800788e-01
9.957795460292279133e-01
9.959607258854505929e-01
9.961379522456698110e-01
9.963112231678785680e-01
9.964805367581897055e-01
9.966458911705979862e-01
9.968072846067285164e-01
9.969647153155957175e-01
9.971181815933525261e-01
9.972676817830438134e-01
9.974132142743676877e-01
9.975547775034212528e-01
9.976923699524633538e-01
9.978259901496724371e-01
9.979556366689056324e-01
9.980813081294619415e-01
9.982030031958506466e-01
9.983207205775563864e-01
9.984344590288176668e-01
9.985442173483960460e-01
9.986499943793628598e-01
9.987517890088830619e-01
9.988496001680028380e-01
9.989434268314485443e-01
9.990332680174256463e-01
9.991191227874249847e-01
9.992009902460361470e-01
9.992788695407655020e-01
9.993527598618631158e-01
9.994226604421542204e-01
9.994885705568780088e-01
9.995504895235340914e-01
9.996084167017403876e-01
9.996623514930909060e-01
9.997122933410254042e-01
9.997582417307118163e-01
9.998001961889284583e-01
9.998381562839613323e-01
9.998721216255050948e-01
9.999020918645797895e-01
9.999280666934464712e-01
9.999500458455421459e-01
9.999680290954153783e-01
9.999820162586765537e-01
9.999920071919561337e-01
9.999980017928709053e-01
9.999999999999997780e-01
9.999980017928709053e-01
9.999920071919561337e-01
9.999820162586765537e-01
9.999680290954153783e-01
9.999500458455421459e-01
9.999280666934464712e-01
9.999020918645800116e-01
9.998721216255050948e-01
9.998381562839613323e-01
9.998001961889284583e-01
9.997582417307118163e-01
9.997122933410254042e-01
9.996623514930909060e-01
9.996084167017403876e-01
9.995504895235340914e-01
9.994885705568780088e-01
9.994226604421539983e-01
9.993527598618631158e-01
9.992788695407655020e-01
9.992009902460361470e-01
9.991191227874249847e-01
9.990332680174256463e-01
9.989434268314485443e-01
9.988496001680029490e-01
9.987517890088830619e-01
9.986499943793630818e-01
9.985442173483960460e-01
9.984344590288176668e-01
9.983207205775563864e-01
9.982030031958506466e-01
9.980813081294619415e-01
9.979556366689056324e-01
9.978259901496724371e-01
9.976923699524633538e-01
9.975547775034212528e-01
9.974132142743676877e-01
9.972676817830438134e-01
9.971181815933525261e-01
9.969647153155957175e-01
9.968072846067286275e-01
9.966458911705979862e-01
9.964805367581899276e-01
9.963112231678785680e-01
9.961379522456698110e-01
9.959607258854505929e-01
9.957795460292279133e-01
9.955944146673800788e-01
9.954053338388921812e-01
9.952123056316015681e-01
9.950153321824298791e-01
9.948144156776229652e-01
9.946095583529773743e-01
9.944007624940738310e-01
9.941880304364961729e-01
9.939713645660528396e-01
9.937507673189929225e-01
9.935262411822143314e-01
9.932977886934694078e-01
9.930654124415612127e-01
9.928291150665384812e-01
9.925888992598818072e-01
9.923447677646783927e-01
9.920967233757997938e-01
9.918447689400623490e-01
9.915889073563831646e-01
9.913291415759334368e-01
9.910654746022729000e-01
9.907979094914834972e-01
9.905264493522921709e-01
9.902510973461824406e-01
9.899718566874990966e-01
9.896887306435406817e-01
9.894017225346425359e-01
9.891108357342539570e-01
9.888160736689937114e-01
9.885174398187102085e-01
9.882149377165159176e-01
9.879085709488202305e-01
9.875983431553521097e-01
9.872842580291564252e-01
9.869663193166011705e-01
9.866445308173563689e-01
9.863188963843649848e-01
9.859894199238057322e-01
9.856561053950404494e-01
9.853189568105487073e-01
9.849779782358523139e-01
9.846331737894293834e-01
9.842845476426088647e-01
9.839321040194614065e-01
9.835758471966713490e-01
9.832157815034011650e-01
9.828519113211408031e-01
9.824842410835428197e-01
9.821127752762524032e-01
9.817375184367177487e-01
9.813584751539914386e-01
9.809756500685204994e-01
9.805890478719228032e-01
9.801986733067555857e-01
9.798045311662636481e-01
9.794066262941281131e-01
9.790049635841930886e-01
9.785995479801901098e-01
9.781903844754404886e-01
9.777774781125609938e-01
9.773608339831454384e-01
9.769404572274472676e-01
9.765163530340434939e-01
9.760885266394928594e-01
9.756569833279840065e-01
9.752217284309754319e-01
9.747827673268233406e-01
9.743401054404033923e-01
9.738937482427230119e-01
9.734437012505270381e-01
9.729899700258942685e-01
9.725325601758243454e-01
9.720714773518248641e-01
9.716067272494843809e-01
9.711383156080393153e-01
9.706662482099449596e-01
9.701905308804251726e-01
9.697111694870317322e-01
9.692281699391880334e-01
9.687415381877368947e-01
9.682512802244750416e-01
9.677574020816961387e-01
9.672599098317196109e-01
9.667588095864234621e-01
9.662541074967688770e-01
9.657458097523347051e-01
9.652339225808349576e-01
9.647184522476486279e-01
9.641994050553399642e-01
9.636767873431870690e-01
9.631506054867006172e-01
9.626208658971553422e-01
9.620875750211126398e-01
9.615507393399507219e-01
9.610103653693957693e-01
9.604664596590556380e-01
9.599190287919553422e-01
9.593680793840781984e-01
9.588136180839110789e-01
9.582556515719912182e-01
9.576941865604626791e-01
9.571292297926304871e-01
9.565607880425311960e-01
9.559888681145006784e-01
9.554134768427512414e-01
9.548346210909572918e-01
9.542523077518475505e-01
9.536665437468012652e-01
9.530773360254602977e-01
9.524846915653436552e-01
9.518886173714701249e-01
9.512891204759961195e-01
9.506862079378575192e-01
9.500798868424220611e-01
9.494701643011560499e-01
9.488570474512983965e-01
9.482405434555434276e-01
9.476206595017386825e-01
9.469974028025918145e-01
9.463707805953918140e-01
9.457408001417378918e-01
9.451074687272845720e-01
9.444707936614942234e-01
9.438307822774102407e-01
9.431874419314324465e-01
9.425407800031149197e-01
9.418908038949688200e-01
9.412375210322879715e-01
9.405809388629755574e-01
9.399210648573970150e-01
9.392579065082361511e-01
9.385914713303705748e-01
9.379217668607598979e-01
9.372488006583451492e-01
9.365725803039661734e-01
9.358931134002914654e-01
9.352104075717554421e-01
9.345244704645202516e-01
9.338353097464457964e-01
9.331429331070700828e-01
9.324473482576108863e-01
9.317485629309728568e-01
9.310465848817770507e-01
9.303414218863910179e-01
9.296330817429915294e-01
9.289215722716147594e-01
9.282069013142472125e-01
9.274890767349009968e-01
9.267681064197297314e-01
9.260439982771326850e-01
9.253167602378867818e-01
9.245864002552813821e-01
9.238529263052717155e-01
9.231163463866354224e-01
9.223766685211478578e-01
9.216339007537625028e-01
9.208880511528048096e-01
9.201391278101762605e-01
9.193871388415628676e-01
9.186320923866606591e-01
9.178739966094037195e-01
9.171128596982068837e-01
9.163486898662065450e-01
9.155814953515226673e-01
9.148112844175156910e-01
9.140380653530573163e-01
9.132618464728061713e-01
9.124826361174875888e-01
9.117004426541812645e-01
9.109152744766139120e-01
9.101271400054506966e-01
9.093360476886024335e-01
9.085420060015224619e-01
9.077450234475175073e-01
9.069451085580534366e-01
9.061422698930690078e-01
9.053365160412871759e-01
9.045278556205283982e-01
9.037162972780228287e-01
9.029018496907258440e-01
9.020845215656301264e-01
9.012643216400773039e-01
9.004412586820653708e-01
8.996153414905596613e-01
8.987865788957957180e-01
8.979549797595773875e-01
8.971205529755801322e-01
8.962833074696374691e-01
8.954432522000299599e-01
8.946003961577707608e-01
8.937547483668739634e-01
8.929063178846322613e-01
8.920551138018698589e-01
8.912011452432032632e-01
8.903444213672835339e-01
8.894849513670344265e-01
8.886227444698788780e-01
8.877578099379581644e-01
8.868901570683400681e-01
8.860197951932144989e-01
8.851467336800773467e-01
8.842709819319098941e-01
8.833925493873343582e-01
8.825114455207696551e-01
8.816276798425620731e-01
8.807412618991110609e-01
8.798522012729774744e-01
8.789605075829797221e-01
8.780661904842728127e-01
8.771692596684128596e-01
8.762697248634100378e-01
8.753675958337598928e-01
8.744628823804642126e-01
8.735555943410322488e-01
8.726457415894649516e-01
8.717333340362268812e-01
8.708183816281958034e-01
8.699008943485968537e-01
8.689808822169214908e-01
8.680583552888249121e-01
8.671333236560079261e-01
8.662057974460819487e-01
8.652757868224094651e-01
8.643433019839364961e-01
8.634083531649965337e-01
8.624709506351029287e-01
8.615311046987164101e-01
8.605888256950038340e-01
8.596441239975651794e-01
8.586970100141531059e-01
8.577474941863677538e-01
8.567955869893337795e-01
8.558412989313641805e-01
8.548846405535934778e-01
8.539256224296064568e-01
8.529642551650389315e-01
8.520005493971668509e-01
8.510345157944690930e-01
8.500661650561829319e-01
8.490955079118355231e-01
8.481225551207528524e-01
8.471473174715666854e-01
8.461698057816902097e-01
8.451900308967850162e-01
8.442080036902047668e-01
8.432237350624339767e-01
8.422372359404993736e-01
8.412485172773710440e-01
8.402575900513522544e-01
8.392644652654466242e-01
8.382691539467189701e-01
8.372716671456380544e-01
8.362720159354041227e-01
8.352702114112720011e-01
8.342662646898496570e-01
8.332601869083987589e-01
8.322519892241085904e-01
8.312416828133760704e-01
8.302292788710567972e-01
8.292147886097269716e-01
8.281982232589151227e-01
8.271795940643416056e-01
8.261589122871422219e-01
8.251361892030858458e-01
8.241114361017851664e-01
8.230846642859013240e-01
8.220558850703432174e-01
8.210251097814637022e-01
8.199923497562452424e-01
8.189576163414915566e-01
8.179209208930069419e-01
8.168822747747771507e-01
8.158416893581525997e-01
8.147991760210223644e-01
8.137547461469953891e-01
8.127084111245788112e-01
8.116601823463531762e-01
8.106100712081631965e-01
8.095580891082918562e-01
8.085042474466511697e-01
8.074485576239767148e-01
8.063910310410183913e-01
8.053316790977445017e-01
8.042705131925432793e-01
8.032075447214451769e-01
8.021427850773349411e-01
8.010762456491842265e-01
8.000079378212900938e-01
7.989378729725193917e-01
7.978660624755655739e-01
7.967925176962165068e-01
7.957172499926357112e-01
7.946402707146478228e-01
7.935615912030455910e-01
7.924812227889048710e-01
7.913991767929139387e-01
7.903154645247212340e-01
7.892300972822873240e-01
7.881430863512693952e-01
7.870544430044049689e-01
7.859641785009225945e-01
7.848723040859646449e-01
7.837788309900316497e-01
7.826837704284416164e-01
7.815871336008067827e-01
7.804889316905390118e-01
7.793891758643556322e-01
7.782878772718294647e-01
7.771850470449371828e-01
7.760806962976416479e-01
7.749748361254933382e-01
7.738674776052451021e-01
7.727586317945026595e-01
7.716483097313827644e-01
7.705365224342053398e-01
7.694232809011973817e-01
7.683085961102320560e-01
7.671924790185763454e-01
7.660749405626787745e-01
7.649559916579613539e-01
7.638356431986542683e-01
7.627139060576370033e-01
7.615907910863166652e-01
7.604663091145227316e-01
7.593404709504238959e-01
7.582132873804792172e-01
7.570847691693989301e-01
7.559549270601406690e-01
7.548237717739226804e-01
7.536913140102642350e-01
7.525575644470479109e-01
7.514225337406027494e-01
7.502862325258194964e-01
7.491486714162767235e-01
7.480098610043998120e-01
7.468698118616371451e-01
7.457285345386607256e-01
7.445860395655878872e-01
7.434423374522260985e-01
7.422974386883369746e-01
7.411513537439247123e-01
7.400040930695419572e-01
7.388556670966166529e-01
7.377060862378012063e-01
7.365553608873388614e-01
7.354035014214469479e-01
7.342505181987274421e-01
7.330964215605795253e-01
7.319412218316514451e-01
7.307849293202841601e-01
7.296275543189947310e-01
7.284691071049588240e-01
7.273095979405160838e-01
7.261490370736910505e-01
7.249874347387195161e-01
7.238248011565978635e-01
7.226611465356392872e-01
7.214964810720456700e-01
7.203308149504833446e-01
7.191641583446779507e-01
7.179965214180134003e-01
7.168279143241410578e-01
7.156583472075984664e-01
7.144878302044301854e-01
7.133163734428258351e-01
7.121439870437502595e-01
7.109706811215905642e-01
7.097964657847990466e-01
7.086213511365411222e-01
7.074453472753542416e-01
7.062684642957915981e-01
7.050907122890854861e-01
7.039121013437934504e-01
7.027326415464573151e-01
7.015523429822515533e-01
7.003712157356342116e-01
6.991892698909900616e-01
6.980065155332730864e-01
6.968229627486430822e-01
6.956386216250934895e-01
6.944535022530767820e-01
6.932676147261167543e-01
6.920809691414201437e-01
6.908935756004687123e-01
6.897054442096109961e-01
6.885165850806346244e-01
6.873270083313367529e-01
6.861367240860677397e-01
6.849457424762764868e-01
6.837540736410316899e-01
6.825617277275334294e-01
6.813687148916018899e-01
6.801750452981607520e-01
6.789807291216931606e-01
6.777857765466862583e-01
6.765901977680520707e-01
6.753940029915355137e-01
6.741972024340958658e-01
6.729998063242715878e-01
6.718018249025239363e-01
6.706032684215577078e-01
6.694041471466172233e-01
6.682044713557683258e-01
6.670042513401444051e-01
6.658034974041753262e-01
6.646022198657952629e-01
6.634004290566197781e-01
6.621981353220954825e-01
6.609953490216344818e-01
6.597920805287114110e-01
6.585883402309373746e-01
6.573841385301127938e-01
6.561794858422456134e-01
6.549743925975405334e-01
6.537688692403731405e-01
6.525629262292187427e-01
6.513565740365678813e-01
6.501498231488038737e-01
6.489426840660573736e-01
6.477351673020270706e-01
6.465272833837774069e-01
6.453190428515047650e-01
6.441104562582702364e-01
6.429015341697166264e-01
6.416922871637402714e-01
6.404827258301445392e-01
6.392728607702649057e-01
6.380627025965586174e-01
6.368522619321734801e-01
6.356415494104834529e-01
6.344305756745982627e-01
6.332193513768451520e-01
6.320078871782238705e-01
6.307961937478331338e-01
6.295842817622709919e-01
6.283721619050088858e-01
6.271598448657398350e-01
6.259473413396999808e-01
6.247346620269675910e-01
6.235218176317329775e-01
6.223088188615465421e-01
6.210956764265490593e-01
6.198824010386660976e-01
6.186690034107931169e-01
6.174554942559477011e-01
6.162418842864095803e-01
6.150281842128362264e-01
6.138144047433535810e-01
6.126005565826415644e-01
6.113866504309825034e-01
6.101726969833094483e-01
6.089587069282262899e-01
6.077446909470156644e-01
6.065306597126335353e-01
6.053166238886840134e-01
6.041025941283876266e-01
6.028885810735293838e-01
6.016745953534045066e-01
6.004606475837417356e-01
5.992467483656266358e-01
5.980329082844122457e-01
5.968191379086204007e-01
5.956054477888386156e-01
5.943918484566084182e-01
5.931783504233112403e-01
5.919649641790466488e-01
5.907517001915153498e-01
5.895385689048873168e-01
5.883255807386817970e-01
5.871127460866422121e-01
5.859000753156063945e-01
5.846875787643911471e-01
5.834752667426690298e-01
5.822631495298562498e-01
5.810512373740004399e-01
5.798395404906824258e-01
5.786280690619133305e-01
5.774168332350551047e-01
5.762058431217370602e-01
5.749951087967921648e-01
5.737846402971976678e-01
5.725744476210350431e-01
5.713645407264603682e-01
5.701549295306836962e-01
5.689456239089788481e-01
5.677366336936903179e-01
5.665279686732747066e-01
5.653196385913505928e-01
5.641116531457710526e-01
5.629040219877160522e-01
5.616967547208068234e-01
5.604898609002414434e-01
5.592833500319527307e-01
5.580772315717908993e-01
5.568715149247355223e-01
5.556662094441190414e-01
5.544613244308954636e-01
5.532568691329202704e-01
5.520528527442674083e-01
5.508492844045707049e-01
5.496461731983952603e-01
5.484435281546393703e-01
5.472413582459659809e-01
5.460396723882691150e-01
5.448384794401625042e-01
5.436377882025129615e-01
5.424376074179962925e-01
5.412379457706930630e-01
5.400388118857125663e-01
5.388402143288590906e-01
5.376421616063206121e-01
5.364446621644061164e-01
5.352477243893083436e-01
5.340513566069040596e-01
5.328555670825945167e-01
5.316603640211768900e-01
5.304657555667544599e-01
5.292717498026817680e-01
5.280783547515504051e-01
5.268855783752041111e-01
5.256934285747956181e-01
5.245019131908841281e-01
5.233110400035563270e-01
5.221208167325986915e-01
5.209312510376982175e-01
5.197423505186800075e-01
5.185541227157820510e-01
5.173665751099697507e-01
5.161797151232789815e-01
5.149935501191974518e-01
5.138080874030881429e-01
5.126233342226335088e-01
5.114392977683286379e-01
5.102559851739983943e-01
5.090734035173529737e-01
5.078915598205726578e-01
5.067104610509332030e-01
5.055301141214517680e-01
5.043505258915698120e-01
5.031717031678742957e-01
5.019936527048314279e-01
5.008163812055665964e-01
4.996398953226648398e-01
4.984642016589994062e-01
4.972893067685882906e-01
4.961152171574789715e-01
4.949419392846564070e-01
4.937694795629726796e-01
4.925978443601101708e-01
4.914270399995546157e-01
4.902570727615994106e-01
4.890879488843672407e-01
4.879196745648500810e-01
4.867522559599718468e-01
4.855856991876624784e-01
4.844200103279592273e-01
4.832551954241082748e-01
4.820912604836953275e-01
4.809282114797819307e-01
4.797660543520544385e-01
4.786047950079846958e-01
4.774444393240021012e-01
4.762849931466712761e-01
4.751264622938772275e-01
4.739688525560243892e-01
4.728121696972242272e-01
4.716564194565054935e-01
4.705016075490131566e-01
4.693477396672148250e-01
4.681948214821048948e-01
4.670428586444090313e-01
4.658918567857849857e-01
4.647418215200173064e-01
4.635927584442148253e-01
4.624446731399891042e-01
4.612975711746394314e-01
4.601514581023168349e-01
4.590063394651857087e-01
4.578622207945707845e-01
4.567191076120917237e-01
4.555770054307843875e-01
4.544359197562063968e-01
4.532958560875298692e-01
4.521568199186077885e-01
4.510188167390335456e-01
4.498818520351715033e-01
4.487459312911697418e-01
4.476110599899533193e-01
4.464772436141868917e-01
4.453444876472237857e-01
4.442127975740174928e-01
4.430821788820191731e-01
4.419526370620352473e-01
4.408241776090671693e-01
4.396968060231148945e-01
4.385705278099530924e-01
4.374453484818750515e-01
4.363212735584038882e-01
4.351983085669715590e-01
4.340764590435626236e-01
4.329557305333274764e-01
4.318361285911515579e-01
4.307176587821975322e-01
4.296003266824053313e-01
4.284841378789545074e-01
4.273690979706914472e-01
4.262552125685145077e-01
4.251424872957213497e-01
4.240309277883149708e-01
4.229205396952727680e-01
4.218113286787696925e-01
4.207033004143648780e-01
4.195964605911424172e-01
4.184908149118143350e-01
4.173863690927776537e-01
4.162831288641319905e-01
4.151810999696519677e-01
4.140802881667181579e-01
4.129806992262055609e-01
4.118823389323298945e-01
4.107852130824449777e-01
4.096893274868062540e-01
4.085946879682852972e-01
4.075013003620415186e-01
4.064091705151546829e-01
4.053183042862132379e-01
4.042287075448571798e-01
4.031403861712856140e-01
4.020533460557196292e-01
4.009675930978171543e-01
3.998831332060615029e-01
3.987999722970960725e-01
3.977181162950275684e-01
3.966375711306825425e-01
3.955583427408376207e-01
3.944804370673942739e-01
3.934038600565312183e-01
3.923286176578160145e-01
3.912547158232719258e-01
3.901821605064241805e-01
3.891109576613017706e-01
3.880411132414080533e-01
3.869726331986590440e-01
3.859055234822931224e-01
3.848397900377451553e-01
3.837754388054926968e-01
3.827124757198768212e-01
3.816509067078892592e-01
3.805907376879391069e-01
3.795319745685928892e-01
3.784746232472857019e-01
3.774186896090152565e-01
3.763641795250152189e-01
3.753110988513997381e-01
3.742594534277977614e-01
3.732092490759657544e-01
3.721604915983831585e-01
3.711131867768354686e-01
3.700673403709811571e-01
3.690229581169064410e-01
3.679800457256693358e-01
3.669386088818374358e-01
3.658986532420115401e-01
3.648601844333458910e-01
3.638232080520646949e-01
3.627877296619729797e-01
3.617537547929655650e-01
3.607212889395339239e-01
3.596903375592775953e-01
3.586609060714147645e-01
3.576329998552948974e-01
3.566066242489249194e-01
3.555817845474909533e-01
3.545584860018967110e-01
3.535367338173100449e-01
3.525165331517172707e-01
3.514978891144948658e-01
3.504808067649937686e-01
3.494652911111386095e-01
3.484513471080446512e-01
3.474389796566567101e-01
3.464281936024020681e-01
3.454189937338708605e-01
3.444113847815178375e-01
3.434053714163864957e-01
3.424009582488607428e-01
3.413981498274465953e-01
3.403969506375779663e-01
3.393973651004510428e-01
3.383993975719017944e-01
3.374030523412975269e-01
3.364083336304776184e-01
3.354152455927234544e-01
3.344237923117627242e-01
3.334339778008139632e-01
3.324458060016682870e-01
3.314592807838123156e-01
3.304744059435865688e-01
3.294911852033949873e-01
3.285096222109441522e-01
3.275297205385400701e-01
3.265514836824167655e-01
3.255749150621194965e-01
3.246000180199278273e-01
3.236267958203295492e-01
3.226552516495408973e-01
3.216853886150720654e-01
3.207172097453497295e-01
3.197507179893786522e-01
3.187859162164616844e-01
3.178228072159663964e-01
3.168613936971427236e-01
3.159016782889949582e-01
3.149436635402021456e-01
3.139873519190930495e-01
3.130327458136699104e-01
3.120798475316907683e-01
3.111286593008003032e-01
3.101791832687121886e-01
3.092314215034495106e-01
3.082853759936325377e-01
3.073410486488238891e-01
3.063984412999238294e-01
3.054575556996177998e-01
3.045183935228777949e-01
3.035809563675178624e-01
3.026452457547945674e-01
3.017112631300674086e-01
3.007790098635023668e-01
2.998484872508334065e-01
2.989196965141682760e-01
2.979926388028447670e-01
2.970673151943409862e-01
2.961437266952252068e-01
2.952218742421595654e-01
2.943017587029497784e-01
2.933833808776374341e-01
2.924667414996399151e-01
2.915518412369345058e-01
2.906386806932838018e-01
2.897272604095034731e-01
2.888175808647757692e-01
2.879096424779927776e-01
2.870034456091503650e-01
2.860989905607714823e-01
2.851962775793674409e-01
2.842953068569364361e-01
2.833960785324957099e-01
2.824985926936435798e-01
2.816028493781522757e-01
2.807088485755987461e-01
2.798165902290086215e-01
2.789260742365413659e-01
2.780373004531941916e-01
2.771502686925265690e-01
2.762649787284143788e-01
2.753814302968178862e-01
2.744996230975742524e-01
2.736195567961989261e-01
2.727412310257154582e-01
2.718646453884851488e-01
2.709897994580574010e-01
2.701166927810312313e-01
2.692453248789159481e-01
2.683756952500128135e-01
2.675078033712894876e-01
2.666416487002641889e-01
2.657772306768885207e-01
2.649145487254343512e-01
2.640536022563725327e-01
2.631943906682506218e-01
2.623369133495677130e-01
2.614811696806367824e-01
2.606271590354399259e-01
2.597748807834737717e-01
2.589243342915784618e-01
2.580755189257548654e-01
2.572284340529660818e-01
2.563830790429147410e-01
2.555394532698072596e-01
2.546975561140916167e-01
2.538573869641740921e-01
2.530189452181073051e-01
2.521822302852568254e-01
2.513472415879317023e-01
2.505139785629909022e-01
2.496824406634135518e-01
2.488526273598401228e-01
2.480245381420703443e-01
2.471981725205343594e-01
2.463735300277176132e-01
2.455506102195490203e-01
2.447294126767491362e-01
2.439099370061323657e-01
2.430921828418675101e-01
2.422761498466905472e-01
2.414618377130775262e-01
2.406492461643558178e-01
2.398383749557826961e-01
2.390292238755585830e-01
2.382217927458020745e-01
2.374160814234578809e-01
2.366120898011657148e-01
2.358098178080659246e-01
2.350092654105471746e-01
2.342104326129483272e-01
2.334133194581920479e-01
2.326179260283659789e-01
2.318242524452449049e-01
2.310322988707504133e-01
2.302420655073545430e-01
2.294535525984198188e-01
2.286667604284791100e-01
2.278816893234532626e-01
2.270983396508099161e-01
2.263167118196545424e-01
2.255368062807633911e-01
2.247586235265525700e-01
2.239821640909839817e-01
2.232074285494075605e-01
2.224344175183426420e-01
2.216631316551945508e-01
2.208935716579071840e-01
2.201257382645602501e-01
2.193596322528922338e-01
2.185952544397727348e-01
2.178326056806061117e-01
2.170716868686758949e-01
2.163124989344303584e-01
2.155550428447034761e-01
2.147993196018808115e-01
2.140453302430036231e-01
2.132930758388154324e-01
2.125425574927529149e-01
2.117937763398762274e-01
2.110467335457480442e-01
2.103014303052560818e-01
2.095578678413805018e-01
2.088160474039111869e-01
2.080759702681127254e-01
2.073376377333372156e-01
2.066010511215933820e-01
2.058662117760614030e-01
2.051331210595652710e-01
2.044017803530009669e-01
2.036721910537174773e-01
2.029443545738597865e-01
2.022182723386684589e-01
2.014939457847446103e-01
2.007713763582697764e-01
2.000505655131996907e-01
1.993315147094191775e-01
1.986142254108634875e-01
1.978986990836144877e-01
1.971849371939644602e-01
1.964729412064545322e-01
1.957627125818883762e-01
1.950542527753260647e-01
1.943475632340511683e-01
1.936426453955250038e-01
1.929395006853230066e-01
1.922381305150508424e-01
1.915385362802581037e-01
1.908407193583331884e-01
1.901446811063923770e-01
1.894504228591629980e-01
1.887579459268651783e-01
1.880672515930842392e-01
1.873783411126514475e-01
1.866912157095231839e-01
1.860058765746625820e-01
1.853223248639334075e-01
1.846405616959977680e-01
1.839605881502289486e-01
1.832824052646309376e-01
1.826060140337849858e-01
1.819314154067988576e-01
1.812586102852882797e-01
1.805875995213748753e-01
1.799183839157071918e-01
1.792509642155095673e-01
1.785853411126601675e-01
1.779215152417961965e-01
1.772594871784540227e-01
1.765992574372434176e-01
1.759408264700572377e-01
1.752841946643172721e-01
1.746293623412669138e-01
1.739763297542989973e-01
1.733250970873304042e-01
1.726756644532245477e-01
1.720280318922590146e-01
1.713821993706411695e-01
1.707381667790791868e-01
1.700959339314056518e-01
1.694555005632478739e-01
1.688168663307667294e-01
1.681800308094426599e-01
1.675449934929250095e-01
1.669117537919435623e-01
1.662803110332779499e-01
1.656506644587918131e-01
1.650228132245346591e-01
1.643967563999050863e-01
1.637724929668813723e-01
1.631500218193227547e-01
1.625293417623378256e-01
1.619104515117223420e-01
1.612933496934684796e-01
1.606780348433474725e-01
1.600645054065611417e-01
1.594527597374681416e-01
1.588427960993873400e-01
1.582346126644686435e-01
1.576282075136448690e-01
1.570235786366547259e-01
1.564207239321452891e-01
1.558196412078430848e-01
1.552203281808134105e-01
1.546227824777826054e-01
1.540270016355424487e-01
1.534329831014357715e-01
1.528407242339072658e-01
1.522502223031385049e-01
1.516614744917571533e-01
1.510744778956186751e-01
1.504892295246639533e-01
1.499057263038556242e-01
1.493239650741822189e-01
1.487439425937371051e-01
1.481656555388752017e-01
1.475891005054342231e-01
1.470142740100309764e-01
1.464411724914281010e-01
1.458697923119670614e-01
1.453001297590727492e-01
1.447321810468221726e-01
1.441659423175795096e-01
1.436014096436968868e-01
1.430385790292774961e-01
1.424774464119986650e-01
1.419180076649991240e-01
1.413602585988211757e-01
1.408041949634123435e-01
1.402498124501813104e-01
1.396971066941085637e-01
1.391460732759075003e-01
1.385967077242370449e-01
1.380490055179631192e-01
1.375029620884650194e-01
1.369585728219864795e-01
1.364158330620288129e-01
1.358747381117852981e-01
1.353352832366128133e-01
1.347974636665387749e-01
1.342612745988051026e-01
1.337267112004358327e-01
1.331937686108441987e-01
1.326624419444585035e-01
1.321327262933743585e-01
1.316046167300310432e-01
1.310781083099039346e-01
1.305531960742175590e-01
1.300298750526686642e-01
1.295081402661668046e-01
1.289879867295792848e-01
1.284694094544848453e-01
1.279524034519335385e-01
1.274369637352047446e-01
1.269230853225670197e-01
1.264107632400326142e-01
1.258999925241073570e-01
1.253907682245296307e-01
1.248830854070021729e-01
1.243769391559024495e-01
1.238723245769832865e-01
1.233692368000523648e-01
1.228676709816268059e-01
1.223676223075668701e-01
1.218690859956802069e-01
1.213720572982984608e-01
1.208765315048176692e-01
1.203825039442104894e-01
1.198899699874936275e-01
1.193989250501616139e-01
1.189093645945745875e-01
1.184212841323024207e-01
1.179346792264227284e-01
1.174495454937683619e-01
1.169658786071243184e-01
1.164836742973678896e-01
1.160029283555576995e-01
1.155236366349585292e-01
1.150457950530092283e-01
1.145693995932280107e-01
1.140944463070506648e-01
1.136209313156049949e-01
1.131488508114140007e-01
1.126782010600308331e-01
1.122089784015993935e-01
1.117411792523455571e-01
1.112748001059842701e-01
1.108098375350577286e-01
1.103462881921913469e-01
1.098841488112684422e-01
1.094234162085250261e-01
1.089640872835603846e-01
1.085061590202646697e-01
1.080496284876590191e-01
1.075944928406514095e-01
1.071407493207041095e-01
1.066883952564109533e-01
1.062374280639883928e-01
1.057878452476736092e-01
1.053396444000329751e-01
1.048928232021796580e-01
1.044473794238987008e-01
1.040033109236780939e-01
1.035606156486501561e-01
1.031192916344383648e-01
1.026793370049099013e-01
1.022407499718373108e-01
1.018035288344645989e-01
1.013676719789823044e-01
1.009331778779073430e-01
1.005000450893732272e-01
1.000682722563237675e-01
9.963785810561924527e-02
9.920880144704855019e-02
9.878110117225116782e-02
9.835475625354986318e-02
9.792976574269374179e-02
9.750612876951331165e-02
9.708384454048740730e-02
9.666291233722681953e-02
9.624333151486835769e-02
9.582510150038878183e-02
9.540822179083729981e-02
9.499269195148096756e-02
9.457851161387884065e-02
9.416568047387280371e-02
9.375419828950296020e-02
9.334406487885021919e-02
9.293528011780596843e-02
9.252784393776961047e-02
9.212175632327873620e-02
9.171701730957265708e-02
9.131362698009037882e-02
9.091158546390831763e-02
9.051089293311495587e-02
9.011154960013148529e-02
8.971355571497308112e-02
8.931691156246215901e-02
8.892161745938628736e-02
8.852767375161232910e-02
8.813508081115337123e-02
8.774383903319427080e-02
8.735394883307684433e-02
8.696541064324947445e-02
8.657822491018066224e-02
8.619239209124363033e-02
8.580791265157194925e-02
8.542478706088890705e-02
8.504301579031639524e-02
8.466259930916392173e-02
8.428353808170122030e-02
8.390583256391762057e-02
8.352948320027328566e-02
8.315449042044109618e-02
8.278085463604736849e-02
8.240857623741046356e-02
8.203765559028375343e-02
8.166809303260166852e-02
8.129988887124037222e-02
8.093304337878398647e-02
8.056755679031235573e-02
8.020342930020418759e-02
7.984066105896389653e-02
7.947925217007337229e-02
7.911920268687008817e-02
7.876051260946245747e-02
7.840318188167244573e-02
7.804721038802278632e-02
7.769259795076116637e-02
7.733934432693032046e-02
7.698744920548483694e-02
7.663691220445850716e-02
7.628773286818371635e-02
7.593991066456928785e-02
7.559344498243603105e-02
7.524833512891290765e-02
7.490458032690147649e-02
7.456217971260492572e-02
7.422113233312810365e-02
7.388143714415204566e-02
7.354309300768141489e-02
7.320609868987285052e-02
7.287045285894108715e-02
7.253615408315178259e-02
7.220320082889533642e-02
7.187159145885188560e-02
7.154132423024409104e-02
7.121239729318354361e-02
7.088480868910917998e-02
7.055855634932409193e-02
7.023363809362723198e-02
6.991005162904787018e-02
6.958779454868010972e-02
6.926686433061873815e-02
6.894725833700307560e-02
6.862897381316443446e-02
6.831200788688029935e-02
6.799635756774033424e-02
6.768201974661763876e-02
6.736899119525507906e-02
6.705726856595981000e-02
6.674684839141384329e-02
6.643772708459413923e-02
6.612990093880977138e-02
6.582336612785186225e-02
6.551811870625950940e-02
6.521415460969981481e-02
6.491146965546415459e-02
6.461005954308052246e-02
6.430991985503972663e-02
6.401104605763896505e-02
6.371343350193905963e-02
6.341707742483809751e-02
6.312197295025803734e-02
6.282811509044602949e-02
6.253549874738950631e-02
6.224411871434137877e-02
6.195396967746097383e-02
6.166504621756105364e-02
6.137734281196663422e-02
6.109085383648360512e-02
6.080557356746937869e-02
6.052149618401528319e-02
6.023861577022768254e-02
5.995692631761467828e-02
5.967642172757195440e-02
5.939709581396859783e-02
5.911894230582734333e-02
5.884195485010260129e-02
5.856612701455007897e-02
5.829145229068435907e-02
5.801792409682934859e-02
5.774553578124971831e-02
5.747428062536799609e-02
5.720415184706187373e-02
5.693514260403897964e-02
5.666724599728548140e-02
5.640045507459012786e-02
5.613476283413379453e-02
5.587016222814727984e-02
5.560664616663194004e-02
5.534420752113983211e-02
5.508283912861081100e-02
5.482253379526172421e-02
5.456328430052884149e-02
5.430508340105263954e-02
5.404792383470788386e-02
5.379179832467359534e-02
5.353669958353737823e-02
5.328262031743244420e-02
5.302955323020405731e-02
5.277749102759890509e-02
5.252642642147686836e-02
5.227635213403922232e-02
5.202726090207041021e-02
5.177914548118792148e-02
5.153199865009944203e-02
5.128581321486105904e-02
5.104058201313035892e-02
5.079629791841694386e-02
5.055295384432023642e-02
5.031054274875168542e-02
5.006905763814242794e-02
4.982849157162363984e-02
4.958883766518373815e-02
4.935008909579344238e-02
4.911223910549716853e-02
4.887528100546575938e-02
4.863920818000538882e-02
4.840401409052283443e-02
4.816969227943784793e-02
4.793623637404176296e-02
4.770364009029978702e-02
4.747189723658984395e-02
4.724100171737510845e-02
4.701094753680920557e-02
4.678172880226680319e-02
4.655333972779773788e-02
4.632577463750114921e-02
4.609902796881501508e-02
4.587309427571950593e-02
4.564796823184905095e-02
4.542364463350936910e-02
4.520011840259879898e-02
4.497738458942832085e-02
4.475543837543763392e-02
4.453427507580473566e-02
4.431389014194694886e-02
4.409427916390734614e-02
4.387543787262762618e-02
4.365736214210311217e-02
4.344004799141495954e-02
4.322349158664343105e-02
4.300768924265058191e-02
4.279263742474079257e-02
4.257833275018643726e-02
4.236477198962596002e-02
4.215195206832403341e-02
4.193987006729965605e-02
4.172852322431463978e-02
4.151790893472309674e-02
4.130802475218237069e-02
4.109886838921938956e-02
4.089043771765571433e-02
4.068273076888770379e-02
4.047574573402212827e-02
4.026948096386467890e-02
4.006393496876195504e-02
3.985910641829720769e-02
3.965499414083642482e-02
3.945159712292728438e-02
3.924891450854986474e-02
3.904694559821814126e-02
3.884568984793393409e-02
3.864514686799061516e-02
3.844531642163340202e-02
3.824619842356624666e-02
3.804779293831767051e-02
3.785010017845613639e-02
3.765312050266364508e-02
3.745685441366286561e-02
3.726130255600254571e-02
3.706646571370128540e-02
3.687234480775072876e-02
3.667894089347942255e-02
3.648625515778161632e-02
3.629428891620947728e-02
3.610304360993224493e-02
3.591252080256493451e-02
3.572272217686814355e-02
3.553364953132046034e-02
3.534530477656824821e-02
3.515768993175308332e-02
3.497080712072117570e-02
3.478465856811588375e-02
3.459924659535879021e-02
3.441457361651953373e-02
3.423064213408100187e-02
3.404745473459941385e-02
3.386501408426412230e-02
3.368332292436451714e-02
3.350238406665956292e-02
3.332220038866237632e-02
3.314277482883667969e-02
3.296411038171395691e-02
3.278621009293278266e-02
3.260907705420459934e-02
3.243271439821124313e-02
3.225712529343729984e-02
3.208231293894314717e-02
3.190828055907993233e-02
3.173503139815700425e-02
3.156256871505774830e-02
3.139089577781731255e-02
3.122001585816155944e-02
3.104993222601146186e-02
3.088064814396312974e-02
3.071216686174191302e-02
3.054449161063940710e-02
3.037762559793738548e-02
3.021157200132368326e-02
3.004633396330363970e-02
2.988191458561509362e-02
2.971831692364917954e-02
2.955554398088283685e-02
2.939359870332983182e-02
2.923248397401218002e-02
2.907220260745987939e-02
2.891275734424303412e-02
2.875415084554086564e-02
2.859638568775435541e-02
2.843946435716521171e-02
2.828338924464854354e-02
2.812816264044343262e-02
2.797378672898620522e-02
2.782026358381053943e-02
2.766759516252240148e-02
2.751578330185083798e-02
2.736482971278192400e-02
2.721473597578169534e-02
2.706550353610859272e-02
2.691713369922468790e-02
2.676962762630788473e-02
2.662298632987131208e-02
2.647721066949174085e-02
2.633230134765471298e-02
2.618825890571821469e-02
2.604508372000088889e-02
2.590277599799831187e-02
2.576133577472991543e-02
2.562076290922513100e-02
2.548105708114634105e-02
2.534221778755865739e-02
2.520424433984425061e-02
2.506713586077122247e-02
2.493089128171491198e-02
2.479550934003782459e-02
2.466098857663220900e-02
2.452732733362417150e-02
2.439452375224870906e-02
2.426257577089349637e-02
2.413148112331472972e-02
2.400123733703052320e-02
2.387184173189213499e-02
2.374329141883438354e-02
2.361558329880997231e-02
2.348871406190849997e-02
2.336268018666165514e-02
2.323747793953606644e-02
2.311310337461824904e-02
2.298955233348831673e-02
2.286682044528773328e-02
2.274490312698079775e-02
2.262379558381030775e-02
2.250349280994859424e-02
2.238398958934514904e-02
2.226528049677062304e-02
2.214735989905697311e-02
2.203022195653639437e-02
2.191386062467401419e-02
2.179826965590114796e-02
2.168344260164145609e-02
2.156937281453510935e-02
2.145605345085740967e-02
2.134347747313086741e-02
2.123163765293220595e-02
2.112052657388865939e-02
2.101013663486744898e-02
2.090046005335297052e-02
2.079148886901102666e-02
2.068321494743932676e-02
2.057562998410053523e-02
2.046872550843661931e-02
2.036249288816274761e-02
2.025692333373560472e-02
2.015200790299764844e-02
2.004773750598945470e-02
1.994410290993170465e-02
1.984109474437031895e-02
1.973870350648365690e-02
1.963691956654692317e-02
1.953573317354989625e-02
1.943513446096709063e-02
1.933511345267138748e-02
1.923566006899232739e-02
1.913676413291173772e-02
1.903841537639275328e-02
1.894060344683842767e-02
1.884331791367574449e-02
1.874654827505914390e-02
1.865028396468837446e-02
1.855451435873936572e-02
1.845922878289718572e-02
1.836441651949113907e-02
1.827006681472384542e-02
1.817616888599069003e-02
1.808271192928098681e-02
1.798968512666118680e-02
1.789707765382678173e-02
1.780487868772495652e-02
1.771307741423494564e-02
1.762166303590684269e-02
1.753062477974806632e-02
1.743995190505234771e-02
1.734963371126846399e-02
1.725965954589744888e-02
1.717001881241619898e-02
1.708070097821937083e-02
1.699169558257304646e-02
1.690299224457467164e-02
1.681458067111391008e-02
1.672645066482394971e-02
1.663859213202192877e-02
1.655099509062968322e-02
1.646364967806684954e-02
1.637654615911302014e-02
1.628967493373062458e-02
1.620302654484140348e-02
1.611659168605350523e-02
1.603036120932735398e-02
1.594432613257934506e-02
1.585847764721357023e-02
1.577280712557607711e-02
1.568730612832636151e-02
1.560196641171854304e-02
1.551677993478620121e-02
1.543173886642515424e-02
1.534683559236924011e-02
1.526206272204994052e-02
1.517741309533651717e-02
1.509287978915044293e-02
1.500845612394705042e-02
1.492413567006009578e-02
1.483991225390268731e-02
1.475577996401958303e-02
1.467173315698508396e-02
1.458776646314050018e-02
1.450387479216816433e-02
1.442005333849433191e-02
1.433629758651761010e-02
1.425260331565647576e-02
1.416896660521374529e-02
1.408538383905011404e-02
1.400185171006507190e-02
1.391836722447883923e-02
1.383492770591204790e-02
1.375153079925972577e-02
1.366817447435328403e-02
1.358485702941075735e-02
1.350157709426622055e-02
1.341833363338063023e-02
1.333512594862709677e-02
1.325195368184792222e-02
1.316881681718215513e-02
1.308571568315855527e-02
1.300265095455421793e-02
1.291962365401311263e-02
1.283663515342442496e-02
1.275368717505900862e-02
1.267078179246011738e-02
1.258792143108819483e-02
1.250510886871808447e-02
1.242234723558607867e-02
1.233964001428902724e-02
1.225699103942876067e-02
1.217440449700749050e-02
1.209188492356944034e-02
1.200943720508937385e-02
1.192706657560918537e-02
1.184477861561974987e-02
1.176257925019194572e-02
1.168047474685426912e-02
1.159847171321864989e-02
1.151657709435585653e-02
1.143479816992196141e-02
1.135314255103342385e-02
1.127161817689883994e-02
1.119023331120189146e-02
1.110899653824243272e-02
1.102791675883507683e-02
1.094700318596944499e-02
1.086626534023127366e-02
1.078571304499140182e-02
1.070535642136058452e-02
1.062520588291862578e-02
1.054527213021436149e-02
1.046556614504648430e-02
1.038609918452379488e-02
1.030688277491112470e-02
1.022792870526342823e-02
1.014924902085392877e-02
1.007085601639837180e-02
9.992762229080853764e-03
9.914980431385528314e-03
9.837523623739991008e-03
9.760405026972757137e-03
9.683638074593048373e-03
9.607236404893693127e-03
9.531213852888714699e-03
9.455584442084108421e-03
9.380362376092576948e-03
9.305562030095471115e-03
9.231197942158458902e-03
9.157284804407167522e-03
9.083837454068349748e-03
9.010870864382847234e-03
8.938400135397039925e-03
8.866440484639220854e-03
8.795007237687363366e-03
8.724115818634053943e-03
8.653781740456667482e-03
8.584020595299335366e-03
8.514848044672479466e-03
8.446279809577905695e-03
8.378331660566756822e-03
8.311019407736347508e-03
8.244358890673292306e-03
8.178365968352474535e-03
8.113056508993798932e-03
8.048446379890467073e-03
7.984551437211828695e-03
7.921387515787942091e-03
7.858970418887556431e-03
7.797315907991875239e-03
7.736439692574315075e-03
7.676357419893448109e-03
7.617084664805290339e-03
7.558636919604871940e-03
7.501029583900975517e-03
7.444277954535533093e-03
7.388397215550956965e-03
7.333402428216867497e-03
7.279308521119326469e-03
7.226130280323594945e-03
7.173882339615772485e-03
7.122579170830090067e-03
7.072235074271043809e-03
7.022864169234505072e-03
6.974480384638770403e-03
6.927097449766717041e-03
6.880728885133580164e-03
6.835387993479991042e-03
6.791087850900434653e-03
6.747841298113954611e-03
6.705660931882767573e-03
6.664559096584393716e-03
6.624547875945296926e-03
6.585639084941280474e-03
6.547844261869772975e-03
6.511174660602719877e-03
6.475641243022411953e-03
6.441254671648272145e-03
6.408025302458764116e-03
6.375963177915749958e-03
6.345078020193711810e-03
6.315379224621386900e-03
6.286875853338924625e-03
6.259576629176588636e-03
6.233489929759444825e-03
6.208623781841421385e-03
6.184985855874375327e-03
6.162583460814413661e-03
6.141423539172879975e-03
6.121512662310396591e-03
6.102857025983010608e-03
6.085462446139444648e-03
6.069334354976446688e-03
6.054477797250684690e-03
6.040897426854680008e-03
6.028597503655891421e-03
6.017581890603335149e-03
6.007854051101851889e-03
5.999417046660598940e-03
5.992273534808939539e-03
5.986425767291636557e-03
5.981875588537910460e-03
5.978624434405693799e-03
5.976673331206439066e-03
